1937625906584665.0 4401380278611570.5
1930087596247420.2 4377466554904829.5
1922549285910175.5 4353526311050168.0
1915129163376763.8 4329790895766785.0
1907709040843352.0 4306065507394232.0
1900288918309940.2 4282312854526254.5
1892985100337023.2 4258727333653693.5
1885681282364106.2 4235269158187997.0
1878377464391189.2 4211829698292967.0
1871188153337167.2 4188510817419019.0
1863998842283145.2 4165260531437482.5
1856809531229123.2 4142005412930966.0
1849732900918059.2 4118904825786857.5
1842656270606995.2 4095833816495209.0
1835579640295931.2 4072695762642238.0
1828613950154899.5 4049816389688450.5
1821648260013867.8 4027014167614335.0
1814682569872836.0 4004114976835768.5
1807826050794573.5 3981444078209523.0
1800969531716311.0 3958815747464310.5
1794113012638048.5 3936108929005623.0
1787363981115758.8 3913591717265053.5
1780614949593469.0 3891201141739446.5
1773865918071179.2 3868739595686538.5
1767222690598065.2 3846508689550907.5
1760579463124951.2 3824369043584945.5
1753936235651837.2 3802100306432622.0
1747397128724920.0 3780171253819976.0
1740858021798002.8 3758362878835820.5
1734318914871085.5 3736448984400389.0
1727882330585306.5 3714865091526358.0
1721445746299527.5 3693344117238496.0
1715009162013748.5 3671727024597418.5
1708673445397920.5 3650448943291889.5
1702337728782092.5 3629239010960591.0
1696101338999831.5 3608396710169676.5
1689864949217570.5 3587552396350825.0
1683628559435309.5 3566750293712727.0
1677489927118439.2 3546337802011131.5
1671351294801569.0 3525938965598506.5
1665212662484698.8 3505568263392011.5
1659170275328627.2 3485679488739748.5
1653127888172555.8 3465803163797925.0
1647085501016484.2 3445949955357862.0
1641137818187372.2 3426620600446098.0
1635190135358260.2 3407297166922160.0
1629242452529148.2 3388004201167829.5
1623387990260558.0 3369292038366346.0
1617533527991967.8 3350580594124695.0
1611679065723377.5 3331905499572005.0
1605916368780663.5 3313867280199902.0
1600153671837949.5 3295826386039379.0
1594390974895235.5 3277778899469465.0
1588718616576816.8 3260454247208939.0
1583046258258398.0 3243119461566263.5
1577373899939979.2 3225784675923588.0
1571701541621560.5 3208873035990519.5
1566118123762737.8 3192282663334185.0
1560534705903915.0 3175688872440064.5
1554951288045092.2 3159470506627640.5
1549455355415037.5 3143603790805647.5
1543959422784982.8 3127723323220715.5
1538463490154928.0 3111990398338639.5
1533053730185590.8 3096841698761198.0
1527643970216253.5 3081696244037482.0
1522234210246916.2 3066549847498343.5
1516909253309207.0 3052079967247060.5
1511584296371497.8 3037614725387029.5
1506259339433788.5 3023138299345890.5
1500934382496079.2 3008801626658086.0
1495692887491428.0 2994867273285395.0
1490451392486776.8 2980929655066592.5
1485209897482125.5 2966989429239787.5
1479968402477474.2 2953222473653524.5
1474809085375349.0 2939743615989485.0
1469649768273223.8 2926263394691248.5
1464490451171098.5 2912820660421009.5
1459411970876110.0 2899673556824057.5
1454333490581121.5 2886535817060065.0
1449255010286133.0 2873413641660504.5
1444176529991144.5 2860332878820161.0
1439177688073226.8 2847481441443036.5
1434178846155309.0 2834639391456872.5
1429180004237391.2 2821819990985483.0
1424259516667284.8 2809200258087094.0
1419339029097178.2 2796574329604495.0
1414418541527071.8 2783950987650018.0
1409498053956965.2 2771309998469159.0
1404654693774084.2 2758782932763273.0
1399811333591203.2 2746291807123286.0
1394967973408322.2 2733833291975251.5
1390124613225441.2 2721268191554379.0
1385357182000992.0 2708871163749654.5
1380589750776542.8 2696506134846448.0
1375822319552093.5 2684183457516231.0
1371129590324854.2 2671834865099507.0
1366436861097615.0 2659465364987429.5
1361744131870375.8 2647095864875352.0
1357051402643136.5 2634611047231555.0
1352432262586688.2 2622100792014622.5
1347813122530240.0 2609602026312480.0
1343193982473791.8 2597152786687551.0
1338574842417343.5 2584398330712805.0
1334028093104801.2 2571879377472254.0
1329481343792259.0 2559417969504887.0
1324934594479716.8 2546873801138448.0
1320459151617726.5 2534241741365539.5
1315983708755736.2 2521623351825309.0
1311508265893746.0 2509000150759296.5
1307102931056695.0 2496232617551465.0
1302697596219644.0 2483545954411217.0
1298292261382593.0 2470911267969822.5
1293886926545542.0 2457924687935268.5
1289550672508113.8 2445128427173986.0
1285214418470685.5 2432354950275603.5
1280878164433257.2 2419476817191941.0
1276609878370305.8 2406612059879399.0
1272341592307354.2 2393792930929976.5
1268073306244402.8 2380985636653928.5
1263871932397546.8 2368015989467658.5
1259670558550690.8 2355075080530889.0
1255469184703834.8 2342232444739585.0
1251333667315965.8 2329225475727658.0
1247198149928096.8 2316264176826031.5
1243062632540227.8 2303356962205876.0
1238991915853600.8 2290205354932204.5
1234921199166973.8 2277049435184823.5
1230850482480346.8 2264002253140790.5
1226779765793719.8 2250581216893181.0
1222772879651692.5 2237400217842456.2
1218765993509665.2 2224297802466861.2
1214759107367638.0 2210793698305895.8
1210815024547438.8 2197545775896304.2
1206870941727239.5 2184421927884915.5
1202988692072226.0 2171049677905475.5
1199106442417212.5 2157712374191158.0
1195224192762199.0 2144479948207890.2
1191402806117001.2 2131069621183475.8
1187581419471803.5 2117749273366282.5
1183760032826605.8 2104462023772581.5
1179998539035217.2 2091106839707607.0
1176237045243828.8 2077811525832742.2
1172475551452440.2 2064533449635429.8
1168773008893192.0 2051289447038253.5
1165070466333943.8 2038101109105879.5
1161367923774695.5 2024826169803623.2
1157723433626787.8 2011736045509353.2
1154078943478880.0 1998711704319144.8
1150434453330972.2 1985607073363849.5
1146847088239267.8 1972733980876276.8
1143259723147563.2 1959911308952581.0
1139728598559067.0 1947248947203275.5
1136197473970570.8 1934623036650120.8
1132666349382074.5 1922024885034190.5
1129190566474714.0 1909652972246618.2
1125714783567353.5 1897304821714129.5
1122239000659993.0 1885010182557975.5
1118817703415110.0 1872969213418875.5
1115396406170227.0 1860938046325333.5
1111975108925344.0 1848992086809855.8
1108607441323008.0 1837313047154601.2
1105239773720672.0 1825639320510544.8
1101872106118336.0 1814094251388966.2
1098557226405148.6 1802817406002828.0
1095242346691961.2 1791538028961142.8
1091927466978773.9 1780434824558820.5
1088664547668505.2 1769589606006867.2
1085401628358236.6 1758736037411376.2
1082138709047968.0 1748084957732636.8
1078926951189997.6 1737677655869225.8
1075715193332027.2 1727263919308888.2
1072503435474056.9 1717020412430267.8
1069342011581518.8 1707030043269578.2
1066180587688980.6 1697032560442161.8
1063019163796442.5 1687148114729123.2
1059907289185248.5 1677543109643098.8
1056795414574054.5 1667935315107192.5
1053683539962860.5 1658393030956591.0
1050620458481987.1 1649139561450382.2
1047557377001113.8 1639884854958948.2
1044494295520240.4 1630646549855844.5
1041479222484327.0 1621688262877682.2
1038464149448413.6 1612734779886767.5
1035449076412500.2 1603786602947621.0
1032434003376586.9 1594938669807029.5
1029466196901778.4 1586246155932596.0
1026498390426969.9 1577558600218337.8
1023530583952161.4 1568918861359583.5
1020609302155239.0 1560465880651765.8
1017688020358316.6 1552021996556976.5
1014766738561394.2 1543582921912479.0
1011891239558502.9 1535349086261988.8
1009015740555611.5 1527126358108633.0
1006140241552720.1 1518913006776314.0
1003264742549828.8 1510755860571942.0
1000434327257982.6 1502743796203823.8
997603911966136.5 1494738540112883.5
994773496674290.4 1486744018605113.2
991987437476166.9 1478914058436959.0
989201378278043.4 1471097942091013.0
986415319079919.9 1463291974782757.8
983629259881796.4 1455511250047277.8
980886886228746.5 1447864369210256.8
978144512575696.6 1440225032789631.2
975402138922646.8 1432595561225133.5
972702737465152.5 1425102306182297.8
970003336007658.2 1417623141856060.0
967303934550164.0 1410149549880646.0
964604533092669.8 1402687751437361.5
961947461815783.2 1395354388922885.0
959290390538896.8 1388030253857324.8
956633319262010.2 1380718432661244.8
954017893349277.9 1373541135489332.5
951402467436545.5 1366369641347333.0
948787041523813.1 1359203289535586.2
946171615611080.8 1352056910029304.5
943597178781658.5 1345032756006419.0
941022741952236.2 1338015979377513.5
938448305122814.0 1331011125985544.8
935914229627968.2 1324140954778476.8
933380154133122.5 1317274703742651.8
930846078638276.8 1310414610412960.5
928312003143431.0 1303568035070882.0
925817646968531.6 1296852233705788.2
923323290793632.2 1290144866330908.0
920828934618732.9 1283444588709783.5
918334578443833.5 1276771150004888.0
915879328107951.6 1270210383255182.0
913424077772069.8 1263654393233479.8
910968827436187.9 1257110798965774.2
908552069458394.2 1250700262175182.5
906135311480600.6 1244295322109639.5
903718553502807.0 1237895236775026.0
901301795525013.4 1231510974076912.2
898922902158164.8 1225247002666848.5
896544008791316.1 1218989916305526.5
894165115424467.5 1212737893834050.8
891786222057618.9 1206512202082323.8
889444636887869.6 1200395937661246.2
887103051718120.4 1194284888224900.0
884761466548371.1 1188177814994781.2
882456576095428.5 1182191840365983.0
880151685642485.9 1176209845826366.0
877846795189543.2 1170233273619441.8
875541904736600.6 1164264953294132.8
873273152586937.0 1158409355991066.0
871004400437273.4 1152560036211775.0
868735648287609.8 1146714071592297.2
866466896137946.1 1140876937508361.2
864233697345605.8 1135142966205693.8
862000498553265.4 1129413662281880.0
859767299760925.0 1123690523891522.6
857534100968584.6 1117977330361555.2
855335913386890.2 1112359967000294.2
853137725805195.9 1106745358102626.6
850939538223501.5 1101136992583365.4
848741350641807.1 1095535138842433.9
846577632125036.0 1090026394386314.1
844413913608264.9 1084522143933762.6
842250195091493.8 1079024639284387.5
840120374960222.4 1073623252607501.5
837990554828951.0 1068225340071203.2
835860734697679.6 1062829536970238.4
833730914566408.2 1057438818498026.1
831634493475146.8 1052148056085001.0
829538072383885.2 1046859382666568.2
827441651292623.8 1041573603721270.6
825345230201362.2 1036295335201870.4
823281666004388.0 1031120408652111.0
821218101807413.8 1025947176630142.1
819154537610439.5 1020774533991356.9
817090973413465.2 1015617889849799.4
815059752499392.4 1010559986199778.6
813028531585319.5 1005502964662849.1
810997310671246.6 1000446917910873.6
808966089757173.8 995414496059321.2
806966712780512.5 990478167562546.8
804967335803851.2 985542257214407.1
802967958827190.0 980606452489416.2
800968581850528.8 975696493399952.1
799000535199575.2 970880822907615.9
797032488548621.8 966065505460407.6
795064441897668.2 961250308302095.0
793096395246714.8 956459725638139.5
791159208110634.5 951759860688689.1
789222020974554.2 947059970667452.9
787284833838474.0 942360008955254.5
785347646702393.8 937680309579877.9
783440834002547.2 933084399463441.5
781534021302700.8 928488669320381.6
779627208602854.2 923892902727264.0
777720395903007.8 919299738246228.1
775843465429080.2 914780558925651.0
773966534955152.8 910261839085859.2
772089604481225.2 905743178737708.0
770212674007297.8 901221702830100.9
768365162081720.6 896769204945063.4
766517650156143.5 892316786310345.0
764670138230566.4 887864424682557.6
762822626304989.2 883402876428940.2
761004076383142.1 878995698678739.9
759185526461295.0 874588429777541.0
757366976539447.9 870180999920757.1
755548426617600.8 865767277398157.6
753758382156135.6 861410938401346.5
751968337694670.5 857054055607731.5
750178293233205.4 852696187644456.9
748388248771740.2 848333532071425.4
746626267493841.4 844031209897982.5
744864286215942.5 839726305777191.8
743102304938043.6 835418683173092.0
741340323660144.8 831109184891723.6
739605963288360.2 826864524057394.8
737871602916575.8 822618646349638.1
736137242544791.2 818370034486345.2
734402882173006.8 814121598974845.2
732695707564105.1 809944924502331.6
730988532955203.5 805764754060854.8
729281358346301.9 801581001102323.1
727574183737400.2 797392886349623.0
725893766882052.5 793269786975323.5
724213350026704.8 789143451755525.6
722532933171357.0 785012454092216.9
720852516316009.2 780875785681406.9
719198436337198.0 776803684601309.6
717544356358386.8 772726668379898.2
715890276379575.5 768643096953308.9
714236196400764.2 764545713661891.1
712608053822543.0 760486906799917.0
710979911244321.8 756424009913832.6
709351768666100.5 752354383574124.6
707723626087879.2 748272845481071.0
706121000034185.1 744235912899835.6
704518373980491.0 740205224450454.2
702915747926796.9 736272650399452.1
701313121873102.8 732419127586224.5
699735620001255.5 728640946725787.2
698158118129408.2 724924684150901.0
696580616257561.0 721276007842324.2
695003114385713.8 717657579623897.2
693425612513866.5 713961942244447.9
691872835348237.8 710307360133113.8
690320058182609.0 706656127497638.1
688767281016980.2 703007913479855.6
687214503851351.5 699362369404510.2
685686073315793.2 695765487751025.0
684157642780235.0 692166764276169.1
682629212244676.8 688564370895244.1
681100781709118.5 684953160733435.8
679596305462223.0 681394997653030.4
678091829215327.5 677835957206735.4
676587352968432.0 674274426041255.2
675082876721536.5 670713489894273.5
673601983820739.9 667210685402306.1
672121090919943.2 663706571751533.1
670640198019146.6 660196809887408.4
669159305118350.0 656684265420133.4
667678412217553.4 653186050884204.1
666220731720928.2 649737173982409.1
664763051224303.0 646283736506428.2
663305370727677.8 642824332745288.0
661847690231052.5 639389514024236.9
660412858330573.5 636013120921216.9
658978026430094.5 632629807323306.1
657543194529615.5 629240562541724.9
656108362629136.5 625870201962183.6
654696022649726.6 622565896904365.2
653283682670316.8 619255851441367.8
651871342690906.9 615938296831107.4
650459002711497.0 612618336627914.4
649068805111345.2 609388585611649.8
647678607511193.5 606153725136245.5
646288409911041.8 602909983840774.5
644898212310890.0 599658107403054.9
643508014710738.2 596423019367886.6
642139609948669.8 593233379520116.0
640771205186601.2 590034584859116.9
639402800424532.8 586825819850111.2
638034395662464.2 583626218261499.5
636687434197304.4 580477102460982.8
635340472732144.5 577312177661019.4
633993511266984.6 574135903907587.0
632646549801824.8 570946366294546.8
631320710625463.2 567810505886937.9
629994871449101.8 564658902842568.5
628669032272740.2 561499415214145.56
627343193096378.8 558323699345118.7
626017353920017.2 555147951332270.2
624712294625181.6 552002804454081.4
623407235330346.0 548837869986884.56
622102176035510.4 545648387583290.1
620797116740674.8 542442178923643.25
619512509186465.9 539291201652560.1
618227901632257.0 536107236069962.06
616943294078048.1 532889805774972.56
615658686523839.2 529650046735404.06
614394223969315.4 526444809180699.8
613129761414791.5 523212761811721.0
611865298860267.6 519942311221734.8
610600836305743.8 516629248001794.5
609356190610323.8 513340840522897.3
608111544914903.8 509986748242146.5
606866899219483.8 506556139502083.2
605622253524063.8 503109134905966.25
604397117947124.1 499678487156588.1
603171982370184.5 496151861417427.75
601946846793244.9 492504426675523.5
600721711216305.2 488783769242104.8
599515779017699.5 485040539698919.06
598309846819093.8 481115337900080.2
597103914620488.0 476936114807866.75
595897982421882.2 472679274807082.5
594710953994253.0 468090036205908.4
593523925566623.8 462886615076769.75
592336897138994.5 457765420625121.9
591168480009045.8 452160520858404.1
590000062879097.0 444992501255272.2
588849957440107.4 433975338995650.4
590000062879097.0 418540577377553.44
