1418282180039047.8 4595108069306161.0
1410743869701803.0 4565648223028234.0
1403205559364558.2 4536185721072141.0
1395785436831146.5 4507151286100643.0
1388365314297734.8 4478111548715206.5
1381061496324817.8 4449429699792544.0
1373757678351900.8 4420817239052829.5
1366453860378983.8 4392189795425802.5
1359264549324961.8 4363975757829666.0
1352075238270939.8 4335723745526261.5
1344998607959875.8 4307609115641793.0
1337921977648811.8 4279494485757324.5
1330845347337747.8 4251070141949055.0
1323879657196716.0 4222946115475080.5
1316913967055684.2 4194964222170790.0
1310057447977421.8 4167056805851260.5
1303200928899159.2 4139229728882606.5
1296451897376869.5 4111226327723676.5
1289702865854579.8 4083246995954606.5
1282953834332290.0 4055294735906923.5
1276310606859176.0 4027341459471760.0
1269667379386062.0 3999619678484730.0
1263128272459144.8 3971572769847162.0
1256589165532227.5 3943526800903398.5
1250050058605310.2 3914744000487648.5
1243613474319531.2 3886437692747659.5
1237176890033752.2 3857889407957636.0
1230841173417924.2 3829595119144169.5
1224505456802096.2 3801498935092205.5
1218269067019835.2 3773334310652214.0
1212032677237574.2 3745151459877747.5
1205894044920704.0 3716576934721878.5
1199755412603833.8 3688029900232528.0
1193713025447762.2 3659244427724895.0
1187670638291690.8 3630745294331279.0
1181722955462578.8 3602043975596299.5
1175775272633466.8 3573662163299994.5
1169920810364876.5 3544781986100546.5
1164066348096286.2 3515917588370656.0
1158303651153572.2 3486653848049639.0
1152540954210858.2 3457378322379256.5
1146868595892439.5 3428474673998361.5
1141196237574020.8 3399630520568311.0
1135612819715198.0 3370332406732241.0
1130029401856375.2 3341067920308574.0
1124533469226320.5 3312076445271133.5
1119037536596265.8 3283364896147729.5
1113627776626928.6 3254316564111629.0
1108218016657591.5 3225317783249966.0
1102893059719882.4 3196565208103355.0
1097568102782173.2 3167955699382853.0
1092326607777522.0 3139382335556389.0
1087085112772870.8 3110499431935272.0
1081925795670745.4 3082559747792866.5
1076766478568620.0 3054303074026455.5
1071687998273631.5 3026483698748391.5
1066689156355713.9 2998922119209424.0
1061690314437796.2 2971770534815354.5
1056769826867689.9 2944890432336960.0
1051849339297583.5 2918075407592608.0
1047005979114702.5 2891892426441659.5
1042162618931821.5 2865790055452576.5
1037395187707372.2 2840111422084259.5
1032627756482923.0 2814587397296663.5
1027935027255683.6 2789657373004412.5
1023242298028444.2 2764950715021276.5
1018623157971996.0 2740671386882895.0
1014004017915547.8 2716822406172027.5
1009457268603005.5 2693371835055419.5
1004981825741015.2 2670813673471129.5
1000506382879025.0 2648232221713383.5
996101048041974.0 2626550768002521.5
991695713204923.0 2604901568805715.5
987359459167494.9 2584180525758031.0
983023205130066.8 2563459557231315.5
978686951092638.6 2543229170700721.5
974418665029687.1 2523386115122802.0
970150378966735.6 2503901126630631.5
965949005119879.6 2484842193297925.0
961747631273023.6 2465880863903569.5
957612113885154.5 2447511688887876.5
953476596497285.4 2429204744202304.0
949405879810658.4 2411434383510161.0
945335163124031.4 2393691933434817.0
941328276982004.1 2376425730515047.5
937321390839976.9 2359183501409000.5
933314504697949.6 2342055284541686.0
929370421877750.4 2325268498216424.0
925426339057551.1 2308569370786540.5
921544089402537.6 2292220789623578.0
917661839747524.1 2275891826069971.0
913840453102326.2 2259943495316579.5
910019066457128.4 2244025213376437.5
906197679811930.5 2228198501609905.0
902436186020542.1 2212648246335589.5
898674692229153.8 2197142343374806.5
894972149669905.5 2181951910620270.2
891269607110657.2 2166818644876089.5
887625116962749.4 2151983228355932.0
883980626814841.5 2137155582365711.2
880336136666933.6 2122388920239965.2
876748771575229.1 2107891570234437.5
873161406483524.6 2093467388533385.2
869630281895028.2 2079312525113763.5
866099157306531.9 2065170375045256.5
862568032718035.5 2051089492871645.8
859092249810675.0 2037259825036575.0
855616466903314.5 2023499874589062.5
852195169658431.5 2010003771999217.2
848773872413548.5 1996519053302447.0
845352575168665.5 1983106425044896.0
841984907566329.5 1969927730779376.0
838617239963993.5 1956801006171280.5
835302360250806.1 1943942040449255.8
831987480537618.8 1931088855523758.5
828672600824431.4 1918302926926488.8
825409681514162.8 1905754485338106.8
822146762203894.1 1893242869178515.8
818935004345923.8 1880989189651957.0
815723246487953.4 1868749418195160.5
812511488629983.0 1856546800265300.5
809350064737444.9 1844573342862489.0
806188640844906.8 1832637311610304.8
803027216952368.6 1820748098589380.0
799915342341174.6 1809054753560073.8
796803467729980.6 1797394202557145.8
793740386249107.2 1785949112154276.2
790677304768233.9 1774531716229767.5
787614223287360.5 1763155747128157.5
784599150251447.1 1751966888565828.0
781584077215533.8 1740808501316212.0
778616270740725.2 1729853540828709.2
775648464265916.8 1718907770914453.2
772680657791108.2 1708000738607695.8
769759375994185.9 1697290534538488.2
766838094197263.5 1686599934853153.2
763916812400341.1 1675938317055477.5
761041313397449.8 1665457655511867.0
758165814394558.4 1655005492272497.5
755290315391667.0 1644597591239898.8
752459900099820.9 1634365426512290.0
749629484807974.8 1624161545598047.0
746843425609851.2 1614161130909999.8
744057366411727.8 1604186680459649.5
741271307213604.2 1594217965909833.5
738528933560554.4 1584456861631202.8
735786559907504.5 1574704549058940.5
733044186254454.6 1564974923133016.0
730344784796960.4 1555443486419798.0
727645383339466.1 1545924283182544.8
724945981881971.9 1536443093294273.0
722288910605085.4 1527129311285324.8
719631839328198.9 1517820150250793.2
717016413415466.5 1508688768707794.2
714400987502734.1 1499589340509469.2
711785561590001.8 1490492092610601.0
709211124760579.5 1481566613332390.0
706636687931157.2 1472655065876545.0
704062251101735.0 1463760948140690.0
701528175606889.2 1455033324987172.0
698994100112043.5 1446313062534362.2
696460024617197.8 1437609967374366.2
693965668442298.4 1429037845383709.8
691471312267399.0 1420471571470597.8
688976956092499.6 1411917356230244.5
686521705756617.8 1403508698945086.0
684066455420735.9 1395112725565470.8
681649697442942.2 1386833055476085.8
679232939465148.6 1378559404383748.0
676816181487355.0 1370330255063434.5
674437288120506.4 1362193335307719.8
672058394753657.8 1354081611004564.2
669679501386809.1 1345982089023032.0
667337916217059.9 1337971341298285.0
664996331047310.6 1329989954056707.8
662654745877561.4 1322023953437586.8
660349855424618.8 1314165150400332.0
658044964971676.1 1306333579943674.2
655740074518733.5 1298501720861514.5
653471322369069.9 1290808114102342.5
651202570219406.2 1283117544670412.8
648933818069742.6 1275436408057268.2
646700619277402.2 1267870559671806.8
644467420485061.9 1260329394177725.8
642234221692721.5 1252793262670959.8
640036034111027.1 1245371869263780.0
637837846529332.8 1237973161476645.2
635639658947638.4 1230543767986361.0
633475940430867.2 1223242601447319.0
631312221914096.1 1215978473676419.8
629148503397325.0 1208678843262534.5
627018683266053.6 1201519148067131.5
624888863134782.2 1194367884568377.2
622792442043520.8 1187297117863104.2
620696020952259.2 1180245791742459.2
618599599860997.8 1173217285199627.5
616536035664023.5 1166237804194746.8
614472471467049.2 1159274592339619.0
612408907270075.0 1152350788120935.0
610377686356002.1 1145477941137212.0
608346465441929.2 1138629703155940.0
606315244527856.4 1131790304813656.8
604315867551195.1 1125029669823005.8
602316490574533.9 1118291067472881.4
600317113597872.6 1111583174001633.9
598349066946919.1 1104916855540148.5
596381020295965.6 1098258291660462.1
594412973645012.1 1091627366416883.8
592475786508931.9 1085093837432772.0
590538599372851.6 1078582253770626.1
588601412236771.4 1072083715450848.6
586694599536924.9 1065686890989134.6
584787786837078.4 1059308641241316.5
582880974137231.9 1052945376788070.9
581004043663304.4 1046687494548749.2
579127113189376.9 1040446622454546.5
577250182715449.4 1034217956980778.6
575402670789872.2 1028108143374656.6
573555158864295.1 1022003844016237.5
571707646938718.0 1015919995059884.4
569889097016870.9 1009947298634403.9
568070547095023.8 1003986532775490.6
566251997173176.6 998047267906071.0
564461952711711.5 992223683167117.2
562671908250246.4 986410205144529.5
560881863788781.25 980615163151247.1
559119882510882.44 974943518113378.1
557357901232983.6 969279647566713.8
555595919955084.8 963641695006006.6
553861559583300.3 958120399287456.5
552127199211515.8 952608139074984.6
550392838839731.3 947110626160111.6
548685664230829.75 941737711530881.9
546978489621928.2 936370078233885.0
545271315013026.6 931011642566786.2
543590898157678.8 925772693106635.1
541910481302331.0 920544786991470.6
540230064446983.2 915323146182602.0
538575984468171.9 910211696011458.0
536921904489360.56 905110268073655.4
535267824510549.25 900017089414106.1
533613744531737.94 894947915197155.9
531985601953516.75 889965488470186.8
530357459375295.56 884991992230680.0
528729316797074.4 880028971523550.2
527126690743380.3 875161169106444.8
525524064689686.25 870300067883254.5
523921438635992.2 865446161693462.0
522343936764144.94 860678364816059.9
520766434892297.7 855921620729245.9
519188933020450.44 851175596480486.2
517636155854821.7 846507495299427.5
516083378689192.94 841848802350893.5
514530601523564.2 837198733003471.6
513002170988006.0 832627825847176.8
511473740452447.8 828063605722439.4
509945309916889.6 823508890315301.6
508416879381331.44 818955979650743.5
506912403134435.94 814479401190640.0
505407926887540.44 810014825655330.4
503903450640644.94 805552793242909.5
502422557739848.3 801159701022498.0
500941664839051.7 796776891090272.9
499460771938255.06 792407166132043.4
498003091441629.9 788101897412899.5
496545410945004.7 783804516176423.2
495087730448379.5 779516470002442.9
493630049951754.3 775235144010787.9
492195218051275.3 771026704960046.6
490760386150796.3 766824985547639.5
489325554250317.3 762630946198227.4
487913214270907.44 758508618947940.8
486500874291497.56 754397052569281.5
485088534312087.7 750295211059745.8
483698336711935.9 746270099558279.4
482308139111784.06 742250040804334.4
480917941511632.25 738235943540927.8
479527743911480.44 734231902849746.1
478159339149412.0 730302801380970.2
476790934387343.56 726378415246382.1
475422529625275.1 722461197572045.9
474075568160115.2 718616344068624.1
472728606694955.25 714777627708796.6
471381645229795.3 710946892567195.2
470034683764635.4 707132024766646.2
468708844588273.8 703385572830888.2
467383005411912.25 699643779513377.1
466057166235550.7 695910126041751.5
464752106940715.0 692247961988087.9
463447047645879.3 688592705789813.0
462141988351043.6 684942585964801.8
460836929056207.94 681310039657939.8
459552321501999.0 677740632684340.5
458267713947790.06 674174889649185.0
456983106393581.1 670619472222513.1
455718643839057.2 667132842454467.1
454454181284533.25 663650084924183.4
453189718730009.3 660171487413042.1
451925256175485.4 656703639255829.9
450680610480065.44 653296854974367.2
449435964784645.5 649898792714859.0
448191319089225.56 646508354884790.5
446966183512285.94 643180442368891.9
445741047935346.3 639856890275142.1
444515912358406.7 636536847620298.2
443290776781467.06 633222628997682.5
442084844582861.4 629969483771493.5
440878912384255.7 626722737204409.8
439672980185650.0 623481109972454.5
438485951758020.8 620294297525433.4
437298923330391.6 617111528810122.8
436111894902762.44 613933101872859.2
434924866475133.25 610758949273712.0
433756449345184.44 607637839534645.9
432588032215235.6 604521864189885.8
431419615085286.8 601414325872868.6
430251197955338.0 598303897084697.2
429101092516348.4 595242821331828.5
427950987077358.75 592188285038166.1
426800881638369.1 589137684011118.2
425668809683574.94 586129684339102.9
424536737728780.75 583130172811339.4
423404665773986.56 580135243565263.6
422272593819192.4 577137775003661.4
421158262875456.6 574180906052954.6
420043931931720.9 571230471974452.8
418929600987985.1 568289227199181.8
417815270044249.4 565341664882723.0
416718401905126.44 562437985656101.44
415621533766003.5 559542776401266.0
414524665626880.56 556653439764992.8
413444996352775.1 553791088614704.7
412365327078669.7 550934339455014.2
411285657804564.25 548082858711301.3
410205988530458.8 545232310217315.7
409143247048191.44 542417751642955.8
408080505565924.06 539608889739909.6
407017764083656.7 536803941211480.2
405955022601389.3 533987237807963.1
404908937838257.6 531208679141880.1
403862853075125.94 528439288510338.44
402816768311994.25 525677822551199.5
401770683548862.56 522897534139932.7
400740991565748.5 520160812960598.4
399711299582634.44 517428466248371.56
398681607599520.4 514699104205960.56
397668058723360.94 511994555399285.4
396654509847201.5 509295527650385.0
395640960971042.06 506603370719451.75
394627412094882.6 503904210795763.9
393629756653569.2 501238139810915.2
392632101212255.75 498575758166297.94
391634445770942.3 495920059349503.94
390636790329628.9 493244269758846.0
389654764383884.25 490612062758954.3
388672738438139.6 487988483886631.5
387690712492395.0 485365593822442.75
386724087769750.0 482767432766682.06
385757463047105.0 480171720673823.25
384790838324460.0 477580548308470.75
383824213601815.0 474988403521809.75
382872736863527.8 472426304211158.56
381921260125240.6 469869748763441.0
380969783386953.44 467318600372994.75
380018306648666.25 464761869208334.8
379081746055793.7 462236735746930.5
378145185462921.1 459717242438673.0
377208624870048.56 457204016211422.6
376286745017173.25 454722193520722.1
375364865164297.94 452244138434215.4
374442985311422.6 449771376444671.9
373521105458547.3 447301190549731.9
372613674507203.1 444867985180609.6
371706243555858.94 442438769549504.7
370798812604514.75 440013064581789.75
369891381653170.56 437590665702396.9
368998178464472.5 435209252081279.06
368104975275774.44 432831331093989.75
367211772087076.4 430456125803806.4
366318568898378.3 428085786795966.9
365439365200652.4 425754538365783.3
364560161502926.44 423426161857001.44
363680957805200.5 421101323994984.75
362815536026830.94 418819845419770.6
361950114248461.4 416541134434294.0
361084692470091.8 414265806323939.7
360219270691722.25 411994856718728.7
359367413260775.25 409765610285124.5
358515555829828.25 407539228927965.8
357663698398881.25 405314887859465.5
356811840967934.25 403095881837854.3
355973341013011.4 400919606787254.0
355134841058088.5 398745168883643.4
354296341103165.6 396572559693140.2
353457841148242.75 394407498173723.94
352632481097728.3 392280945466096.2
351807121047213.9 390156538580098.7
350981760996699.44 388033953254055.75
350156400946185.0 385916981113734.7
349343981062105.75 383840998203756.25
348531561178026.5 381766749743463.6
347719141293947.25 379693087842430.2
346906721409868.0 377628228201026.5
346107034820666.5 375599779013701.6
345307348231465.0 373572856387006.0
344507661642263.5 371547110549007.6
343707975053062.0 369530928633330.1
342920822020924.06 367548263351484.5
342133668988786.1 365566409660267.2
341346515956648.2 363584815146856.8
340559362924510.25 361610252529275.9
339784550844728.9 359669100908960.3
339009738764947.5 357728725624570.1
338234926685166.1 355789106677106.7
337460114605384.75 353854076976903.56
336697450873570.9 351953442774134.56
335934787141757.0 350053590942485.56
335172123409943.1 348153979581523.5
334409459678129.25 346259348882240.4
333658748123419.94 344396093170850.7
332908036568710.6 342533724549103.4
332157325014001.3 340672265016862.75
331406613459292.0 338813165188955.25
330667668610246.4 336985111940885.56
329928723761200.75 335157285357591.4
329189778912155.1 333329485825563.25
328450834063109.5 331502154074105.06
327723474015873.94 329705230689176.3
326996113968638.4 327907761795501.94
326268753921402.8 326109409500142.44
325541393874167.25 324310529512897.1
324825433157619.0 322539709063952.75
324109472441070.75 320768186481758.5
323393511724522.5 318996475350928.4
322677551007974.25 317224118951316.8
321972814851366.8 315479258569185.06
321268078694759.4 313733821796749.25
320563342538151.94 311987707369034.0
319858606381544.5 310241395600583.75
319164920014131.5 308522777684374.4
318471233646718.5 306803792967051.8
317777547279305.5 305083956844578.06
317083860911892.5 303362679076948.5
316401045996453.44 301666856296448.8
315718231081014.4 299969225979899.2
315035416165575.3 298269208688585.0
314352601250136.25 296566568006469.4
313680486582398.7 294891554169194.4
313008371914661.1 293215133956949.7
312336257246923.56 291536665291743.3
311664142579186.0 289855763256028.1
310992027911448.44 288171413550897.44
310330452987993.5 286509996704232.2
309668878064538.6 284845859132385.94
309007303141083.75 283179327027616.9
308345728217628.9 281510753574145.75
307694521834184.2 279865467136449.94
307043315450739.5 278217228752493.2
306392109067294.8 276566815727399.22
305740902683850.1 274917275886919.6
305099904336917.2 273299295459926.97
304458905989984.25 271700432169691.12
303817907643051.3 270182874618206.94
303176909296118.4 268697378484890.4
302545962048513.8 267251281775480.44
301915014800909.25 265818916508871.53
301284067553304.7 264374951356152.44
300653120305700.1 262928898337715.34
300022173058095.56 261482479619196.16
299401112839608.3 260056177321208.88
298780052621121.06 258627516066728.97
298158992402633.8 257196866408660.4
297537932184146.56 255768049373661.25
296926605624544.4 254362157528704.4
296315279064942.2 252955810505778.06
295703952505340.0 251548414436474.97
295092625945737.8 250140632020249.47
294490886808054.56 248756404745782.75
293889147670371.3 247371737587201.22
293287408532688.06 245986241281570.53
292685669395004.8 244598887064173.7
292083930257321.56 243212966169877.06
291491621604771.44 241847693110024.38
290899312952221.3 240479584942269.38
290307004299671.2 239108941114975.44
289714695647121.06 237736622119991.78
289131671242976.5 236384490345177.66
288548646838831.94 235031841721875.7
287965622434687.4 233676334132111.56
287382598030542.8 232318145052246.84
286799573626398.25 230958546500348.53
286225687233931.7 229618378301911.06
285651800841465.1 228276891152169.12
285077914448998.56 226932067820837.1
284504028056532.0 225583669235052.97
283939137005808.06 224255037820694.84
283374245955084.1 222922596496980.38
282809354904360.2 221585981665110.47
282244463853636.25 220245552141314.03
281679572802912.3 218903407985722.1
281123537990549.1 217578104878310.6
280567503178185.88 216249247575058.94
280011468365822.66 214914526569460.12
279455433553459.44 213573175275716.38
278908115876313.62 212249969840218.28
278360798199167.8 210919667586866.2
277813480522022.0 209584628116355.06
277266162844876.2 208241533887833.28
276718845167730.38 206894290357200.34
276180105522658.7 205558490727875.3
275641365877587.0 204210746273169.97
275102626232515.3 202856644071643.12
274563886587443.62 201494161557934.44
274033593004648.44 200148969769150.8
273503299421853.25 198794463001008.34
272973005839058.06 197422764600466.1
272442712256262.88 196033417165894.28
271920732765946.56 194668543049625.72
271398753275630.25 193289655105276.12
270876773785313.94 191890849448877.94
270354794294997.62 190473002697688.16
269832814804681.3 189050564978684.44
269319013870651.75 187636666172285.88
268805212936622.2 186207248438123.25
268291412002592.62 184755322786344.62
267777611068563.06 183296675432402.44
267271863854368.3 181861823482483.94
266766116640173.56 180396514311075.66
266260369425978.8 178895701470298.66
265754622211784.06 177383035584374.03
265256807447843.78 175876317191432.06
264758992683903.5 174334978024287.84
264261177919963.22 172737707386297.56
263763363156022.94 171054716623738.97
263273348872857.66 169310756388701.1
262783334589692.38 167500206093083.1
262293320306527.1 165468892843561.9
261810985234636.0 163079330632898.34
261328650162744.9 159297767456722.38
260846315090853.8 154196786472097.38
261321086871021.88 149083243607059.22
