2030686347459538.0 4359226476000111.0
2023148037122293.2 4337244678215642.0
2015609726785048.5 4315294185418763.0
2008189604251636.8 4293352939741986.5
2000769481718225.0 4271502979365889.5
1993349359184813.2 4249749260699194.0
1986045541211896.2 4228077966383318.5
1978741723238979.2 4206417258073762.0
1971437905266062.2 4184814613147000.5
1964134087293145.2 4162989173723950.5
1956944776239123.2 4141475603224810.5
1949755465185101.2 4119977135179761.0
1942566154131079.2 4098383289314153.0
1935489523820015.2 4077040042380912.5
1928412893508951.2 4055797016532402.0
1921336263197887.2 4034518142169110.5
1914370573056855.5 4013399203579829.0
1907404882915823.8 3992350059259582.0
1900439192774792.0 3971308290344516.0
1893582673696529.5 3950382034254385.0
1886726154618267.0 3929521358939949.0
1879869635540004.5 3908774141873715.5
1873120604017714.8 3888103926268922.0
1866371572495425.0 3867448797936714.5
1859622540973135.2 3846872278745243.0
1852873509450845.5 3826066737031199.0
1846230281977731.5 3805574732482696.0
1839587054504617.5 3785112730190138.0
1832943827031503.5 3764524948636816.0
1826404720104586.2 3744270011712461.0
1819865613177669.0 3724033096405756.5
1813326506250751.8 3703621222151768.0
1806889921964972.8 3683509233004684.0
1800453337679193.8 3663431544504816.5
1794016753393414.8 3643306188709442.0
1787681036777586.8 3623401256798776.5
1781345320161758.8 3603551183076834.0
1775009603545930.8 3583690475094453.5
1768773213763669.8 3563989031715943.0
1762536823981408.8 3544290750414372.0
1756300434199147.8 3524557097801876.0
1750161801882277.5 3505048989090650.5
1744023169565407.2 3485625532451381.5
1737884537248537.0 3466223416809137.0
1731842150092465.5 3447060950933099.5
1725799762936394.0 3427926765994942.5
1719757375780322.5 3408808380087057.0
1713809692951210.5 3390003787576808.5
1707862010122098.5 3371240075403602.0
1701914327292986.5 3352508021751838.5
1696059865024396.2 3334105219032220.5
1690205402755806.0 3315710769598814.0
1684350940487215.8 3297354148170919.0
1678588243544501.8 3279392146314334.0
1672825546601787.8 3261430868110642.5
1667062849659073.8 3243493467191888.0
1661390491340655.0 3225985498813111.0
1655718133022236.2 3208482835695722.0
1650045774703817.5 3190987367117704.5
1644373416385398.8 3173677352958019.0
1638789998526576.0 3156709738558325.0
1633206580667753.2 3139740235442827.5
1627623162808930.5 3122995843382858.0
1622127230178875.8 3106600480364357.0
1616631297548821.0 3090198432476155.5
1611135364918766.2 3073930451388808.0
1605725604949429.0 3058144595473035.0
1600315844980091.8 3042340645247693.0
1594906085010754.5 3026514398576823.0
1589581128073045.2 3011373664812966.0
1584256171135336.0 2996241181710863.5
1578931214197626.8 2981081654941016.5
1573606257259917.5 2966203186910586.5
1568364762255266.2 2951700349868539.0
1563123267250615.0 2937169091796391.5
1557881772245963.8 2922708746636290.0
1552722455143838.5 2908886595999957.5
1547563138041713.2 2895045055373158.0
1542403820939588.0 2881182083344869.0
1537244503837462.8 2867589048260278.5
1532166023542474.2 2854363058749500.0
1527087543247485.8 2841111013174603.5
1522009062952497.2 2827840900214784.5
1517010221034579.5 2815170140591189.0
1512011379116661.8 2802503821622993.0
1507012537198744.0 2789836450122793.0
1502013695280826.2 2777259627446209.5
1497093207710719.8 2765061729107453.0
1492172720140613.2 2752858639319115.0
1487252232570506.8 2740652056034296.0
1482331745000400.2 2728554014585991.5
1477488384817519.2 2716732504916953.0
1472645024634638.2 2704915847768312.0
1467801664451757.2 2693100052767773.5
1462958304268876.2 2681372843792395.0
1458190873044427.0 2669844000371070.5
1453423441819977.8 2658315842524634.5
1448656010595528.5 2646801688383420.0
1443963281368289.2 2635493563931915.5
1439270552141050.0 2624191107639469.5
1434577822913810.8 2612905904587369.0
1429885093686571.5 2601638774346651.5
1425265953630123.2 2590492454822360.5
1420646813573675.0 2579356916586830.0
1416027673517226.8 2568235277419936.0
1411408533460778.5 2557109708203890.5
1406861784148236.2 2546053314120864.0
1402315034835694.0 2535005559264875.0
1397768285523151.8 2523974251843245.0
1393221536210609.5 2512927407393798.0
1388746093348619.2 2501888980389255.5
1384270650486629.0 2490863626184141.5
1379795207624638.8 2479873087760776.0
1375319764762648.5 2468758194101425.5
1370914429925597.5 2457705711298430.5
1366509095088546.5 2446682034357736.5
1362103760251495.5 2435687861301741.5
1357698425414444.5 2424516342918459.0
1353362171377016.2 2413380816162704.0
1349025917339588.0 2402271991472740.0
1344689663302159.8 2391190077228888.5
1340421377239208.2 2379936469520726.0
1336153091176256.8 2368689697211372.0
1331884805113305.2 2357475285812478.0
1327616519050353.8 2346156519290290.0
1323415145203497.8 2334768260535071.5
1319213771356641.8 2323429996377749.0
1315012397509785.8 2312160011235210.0
1310811023662929.8 2300533225598146.5
1306675506275060.8 2289086444620664.0
1302539988887191.8 2277680095008299.5
1298404471499322.8 2266203263086149.0
1294333754812695.8 2254636055171100.0
1290263038126068.8 2243136230933976.8
1286192321439441.8 2231674680244877.2
1282185435297414.5 2220028544868442.2
1278178549155387.2 2208411957076806.5
1274171663013360.0 2196844124100274.2
1270164776871332.8 2185010497591959.8
1266220694051133.5 2173324557516584.5
1262276611230934.2 2161674765967169.0
1258332528410735.0 2149948021309761.5
1254450278755721.5 2138140442471051.0
1250568029100708.0 2126401723911677.5
1246685779445694.5 2114660026921194.2
1242864392800496.8 2102749292880319.5
1239043006155299.0 2090905518514353.2
1235221619510101.2 2079113943183169.0
1231460125718712.8 2067156077522104.5
1227698631927324.2 2055214630838392.0
1223937138135935.8 2043332613090483.0
1220175644344547.2 2031167824324486.8
1216473101785299.0 2019167852348299.8
1212770559226050.8 2007228363639904.0
1209068016666802.5 1995053339262230.0
1205423526518894.8 1982994867909534.8
1201779036370987.0 1971025741967391.8
1198134546223079.2 1958823442841671.0
1194547181131374.8 1946754717940602.2
1190959816039670.2 1934737286194600.8
1187372450947965.8 1922586170867161.2
1183841326359469.5 1910603007954289.5
1180310201770973.2 1898668775438882.0
1176779077182477.0 1886618509227219.5
1173303294275116.5 1874763044515990.2
1169827511367756.0 1862948439593245.5
1166406214122873.0 1851262186917830.5
1162984916877990.0 1839602487941386.5
1159563619633107.0 1827965983676321.2
1156195952030771.0 1816513434407792.5
1152828284428435.0 1805084658759593.2
1149460616826099.0 1793670821505410.5
1146145737112911.5 1782495458235236.8
1142830857399724.0 1771336573047945.8
1139515977686536.5 1760191209698766.5
1136253058376267.8 1749331612094621.8
1132990139065999.0 1738478055447927.5
1129727219755730.2 1727636086712243.5
1126515461897760.0 1717122982027845.0
1123303704039789.6 1706610609639100.5
1120091946181819.2 1696096915850288.5
1116930522289281.1 1685963651522751.8
1113769098396743.0 1675830873787930.0
1110607674504204.9 1665689144591836.0
1107446250611666.8 1655771597830065.0
1104334376000472.8 1646034500927871.0
1101222501389278.8 1636287893366931.2
1098110626778084.8 1626657100508151.2
1095047545297211.4 1617289956341874.8
1091984463816338.0 1607918055521028.8
1088921382335464.6 1598620813915164.0
1085906309299551.2 1589618789008677.5
1082891236263637.9 1580610029808421.2
1079876163227724.5 1571587194460712.8
1076908356752916.0 1562913551221439.5
1073940550278107.5 1554241813811071.2
1070972743803299.0 1545566022937484.0
1068004937328490.5 1537027328348054.2
1065083655531568.1 1528658922687972.8
1062162373734645.8 1520289540246375.8
1059241091937723.4 1511959843889837.2
1056365592934832.0 1503848372661873.8
1053490093931940.6 1495738405800623.5
1050614594929049.2 1487629325911071.8
1047739095926157.9 1479611024099924.5
1044908680634311.8 1471731711679646.5
1042078265342465.6 1463853889514172.8
1039247850050619.5 1455996678006228.5
1036461790852496.0 1448328744491788.2
1033675731654372.5 1440664782025479.5
1030889672456249.0 1433002215400765.5
1028103613258125.5 1425386388302210.5
1025361239605075.6 1417913174769880.5
1022618865952025.8 1410443589779011.0
1019876492298975.9 1402978668873780.2
1017177090841481.6 1395680441805870.5
1014477689383987.4 1388386974081187.5
1011778287926493.1 1381096954999863.5
1009078886468998.9 1373819059635658.2
1006421815192112.4 1366678577244227.0
1003764743915225.9 1359545215182805.5
1001107672638339.4 1352418540108306.0
998450601361452.9 1345307924894074.5
995835175448720.5 1338315891591542.8
993219749535988.1 1331328328190417.5
990604323623255.8 1324345379654014.0
988029886793833.5 1317489795263406.0
985455449964411.2 1310639087735574.5
982881013134989.0 1303792031202100.0
980306576305566.8 1296955866442504.8
977772500810721.0 1290237549554406.5
975238425315875.2 1283521181893157.5
972704349821029.5 1276809082344946.8
970170274326183.8 1270117730192005.0
967675918151284.4 1263538426220523.2
965181561976385.0 1256964009461304.0
962687205801485.6 1250396390334187.2
960231955465603.8 1243951377949937.5
957776705129721.9 1237508809520987.0
955321454793840.0 1231069534631420.0
952866204457958.1 1224641858106338.2
950449446480164.5 1218335078390792.0
948032688502370.9 1212029778837689.0
945615930524577.2 1205726585189873.0
943199172546783.6 1199443559633731.2
940820279179935.0 1193269427854767.0
938441385813086.4 1187096099930479.2
936062492446237.8 1180923124654339.0
933683599079389.1 1174775227573945.8
931342013909639.9 1168731290927365.8
929000428739890.6 1162686997060405.2
926658843570141.4 1156642303943765.2
924353953117198.8 1150724633261811.0
922049062664256.1 1144808009821032.0
919744172211313.5 1138890545816515.8
917439281758370.9 1132972746160710.8
915170529608707.2 1127178726755253.5
912901777459043.6 1121384559481567.9
910633025309380.0 1115589382465551.9
908364273159716.4 1109803758055887.1
906131074367376.0 1104129225938244.6
903897875575035.6 1098453881709330.2
901664676782695.2 1092777466221692.5
899431477990354.9 1087110364008630.0
897233290408660.5 1081548858028198.6
895035102826966.1 1075986257244962.6
892836915245271.8 1070422262356340.1
890638727663577.4 1064867639686881.0
888475009146806.2 1059407603269039.9
886311290630035.1 1053944973583238.9
884147572113264.0 1048479991986053.6
881983853596492.9 1043026908392240.6
879854033465221.5 1037661625111153.1
877724213333950.1 1032293338428189.1
875594393202678.8 1026921707573471.9
873464573071407.4 1021556446239431.6
871368151980145.9 1016276019679185.6
869271730888884.4 1010991870740312.2
867175309797622.9 1005704292445885.1
865078888706361.4 1000421092467670.0
863015324509387.1 995221667189722.8
860951760312412.9 990017409770248.5
858888196115438.6 984806575265822.6
856824631918464.4 979608738114429.6
854793411004391.5 974493209569318.1
852762190090318.6 969370846770232.6
850730969176245.8 964241688852366.2
848699748262172.9 959137551912340.6
846700371285511.6 954108637029633.5
844700994308850.4 949072698358860.1
842701617332189.1 944032161251093.4
840733570681235.6 939103475814410.5
838765524030282.1 934173746724637.0
836797477379328.6 929236053910847.2
834829430728375.1 924292219227890.1
832892243592294.9 919458980927514.8
830955056456214.6 914616189838906.8
829017869320134.4 909764894139124.8
827080682184054.1 904906034538907.1
825173869484207.6 900182150053448.0
823267056784361.1 895451124178547.1
821360244084514.6 890711734462714.9
819453431384668.1 885965447173654.4
817576500910740.6 881303908570841.2
815699570436813.1 876644667774132.0
813822639962885.6 872008919216929.8
811945709488958.1 867622941719661.9
810068779015030.6 863252518667436.1
808221267089453.5 859005772156762.4
806373755163876.4 854832090817583.0
804526243238299.2 850631433421816.5
802678731312722.1 846458281651029.2
800860181390875.0 842349213920284.4
799041631469027.9 838236775405130.6
797223081547180.8 834119574389855.6
795404531625333.6 829982780695157.8
793614487163868.5 825885437429460.4
791824442702403.4 821788500333631.8
790034398240938.2 817694574950674.8
788244353779473.1 813601456463442.1
786482372501574.2 809574072868283.9
784720391223675.4 805541616564142.2
782958409945776.5 801505089433602.6
781196428667877.6 797459257227398.9
779434447389978.8 793398938498461.9
777700087018194.2 789388898977825.2
775965726646409.8 785377479406320.0
774231366274625.2 781356780267890.9
772497005902840.8 777349882835952.1
770789831293939.1 773415665068143.6
769082656685037.5 769473483123238.5
767375482076135.9 765524867305619.0
765668307467234.2 761568061802678.1
763987890611886.5 757670920043066.5
762307473756538.8 753767794717929.1
760627056901191.0 749860264959074.2
758946640045843.2 745941506844289.1
757266223190495.5 742028620929413.0
755612143211684.2 738168981014045.1
753958063232873.0 734298019582558.4
752303983254061.8 730415762406492.2
750649903275250.5 726506380621751.4
749021760697029.2 722638078585975.1
747393618118808.0 718760880737237.2
745765475540586.8 714866585835542.2
744137332962365.5 710945673399939.0
742534706908671.4 707054209258963.1
740932080854977.2 703140747069273.6
739329454801283.1 699201599467070.9
737726828747589.0 695224240402183.2
736149326875741.8 691285364479983.8
734571825003894.5 687312431363156.1
732994323132047.2 683303129743316.2
731416821260200.0 679259114805058.4
729864044094571.2 675230022294546.2
728311266928942.5 671143973714198.5
726758489763313.8 667000163191587.4
725205712597685.0 662844616633037.6
723677282062126.8 658725359626745.5
722148851526568.5 654535566508383.9
720620420991010.2 650271562500199.6
719091990455452.0 645947107627954.2
717587514208556.5 641681082187391.5
716083037961661.0 637363301767762.8
714578561714765.5 632937971342581.1
713074085467870.0 628522051012900.8
711593192567073.4 624150879791419.4
710112299666276.8 619626532628447.1
708631406765480.1 614998106735899.5
707150513864683.5 610514751353103.4
705692833368058.2 606002516124010.0
704235152871433.0 601316843402790.6
702777472374807.8 596620223740710.0
701342640474328.8 592037897820585.5
699907808573849.8 587225252737185.5
698472976673370.8 582137482146805.9
697038144772891.8 577256249766738.4
695625804793481.9 572207147354887.5
694213464814072.0 566609922311321.0
692801124834662.1 560957011414226.7
691410927234510.4 554993806039154.56
690020729634358.6 547714504770917.2
688630532034206.9 537856640742602.06
