2.0336880135090783e-09
9.05260012159017e-09
1.574446331953797e-08
2.294454898329772e-08
2.8805855356676303e-08
1.5523247898815154e-08
1.8845433528825675e-08
2.21409333193262e-08
2.4907376797691025e-08
2.742584169745327e-08
2.805098647236904e-08
2.8644468718358692e-08
2.9351292324922507e-08
3.030798431097173e-08
3.886921768945623e-08
3.6989624919833095e-08
3.997597201467377e-08
4.040327858318367e-08
3.512208710428692e-08
3.893973213290485e-08
3.651990260145424e-08
3.7224857045367225e-08
3.910524531139922e-08
4.007194013824045e-08
3.983559295791172e-08
3.890600582132176e-08
3.7431209963643057e-08
4.0426386187081485e-08
3.875374784739138e-08
3.976593587591365e-08
3.926270813625563e-08
4.005223939131227e-08
3.9811723132025563e-08
3.971201915639277e-08
3.930968854126573e-08
3.924127722921284e-08
3.828851809379218e-08
3.8117420771735104e-08
3.8251966702076235e-08
3.8328927172467805e-08
3.8058173646588346e-08
3.77078025968117e-08
3.740024288498732e-08
3.7214401752247555e-08
3.6868276857065574e-08
3.6942298061797125e-08
3.69419929759355e-08
3.6835565236232e-08
3.716665783573309e-08
3.703167221167445e-08
3.69003971541102e-08
3.654948650258528e-08
3.7002523011831383e-08
3.7225661017733084e-08
3.7518122579921e-08
3.7851281163324125e-08
3.7799102379912554e-08
3.77327720391296e-08
3.74991125035628e-08
3.7342389876472047e-08
3.752956345626256e-08
3.743448641046486e-08
3.7370363583194985e-08
3.7590936086380005e-08
3.730699388805417e-08
3.733956086112834e-08
3.7226169941081645e-08
3.719441008568201e-08
3.707771683862111e-08
3.7015469609510236e-08
3.7085819910045856e-08
3.696483282368183e-08
3.708433882413685e-08
3.7079989516457486e-08
3.7221705259573143e-08
3.709509594458058e-08
3.715000086874013e-08
3.738801534466713e-08
3.70659165331053e-08
3.697501638801023e-08
3.702104304365866e-08
3.7102006434784605e-08
3.723343734675202e-08
3.7132181762202405e-08
3.71012644087554e-08
3.719303650764644e-08
3.7290258267922564e-08
3.717122088483691e-08
3.748665140607342e-08
3.74868647443223e-08
3.759337741285471e-08
3.7412821783116104e-08
3.7308642068975215e-08
3.6970732076528693e-08
3.697000556267987e-08
3.691740605136492e-08
3.6829873243626854e-08
3.681715482731031e-08
3.6983417471084783e-08
3.7017776447706764e-08
3.7010582020748647e-08
3.6814330182851676e-08
3.6740087014213016e-08
3.672554502515531e-08
3.6799717809015605e-08
3.6987274307440396e-08
3.705814703000065e-08
3.697189869676047e-08
3.697649006386874e-08
3.716510264373595e-08
3.713856066419279e-08
3.7242979989492164e-08
3.7244906743629286e-08
3.747038234387572e-08
3.7266961877309336e-08
3.7662190689843026e-08
3.7511699392786924e-08
3.763196701115908e-08
3.761646522524575e-08
3.786886580598284e-08
3.790602198253861e-08
3.787609337322346e-08
3.784786824656709e-08
3.783942150722701e-08
3.7852219714118715e-08
3.79323972591516e-08
3.785211800383277e-08
3.78596755934963e-08
3.780638043534796e-08
3.7886101364488e-08
3.776712820838093e-08
3.775106651645e-08
3.763138515572948e-08
3.7562119596390205e-08
3.7591900585814966e-08
3.75539085755238e-08
3.7448454095673686e-08
3.7204584426911905e-08
3.712990163302042e-08
3.701232753795223e-08
3.6741204112909674e-08
3.668358689499412e-08
3.6484381014862474e-08
3.6304082836654205e-08
3.613288020382181e-08
3.5735651596408294e-08
3.5633155952378645e-08
3.541655037207146e-08
3.5420556537823193e-08
3.505916006771215e-08
3.481352024260996e-08
3.4676820458250114e-08
3.460679983890594e-08
3.464063508266252e-08
3.4532040737533664e-08
3.465627241095849e-08
3.4762429187121865e-08
3.492873041526928e-08
3.501589326835068e-08
3.523713618357315e-08
3.5416896227508006e-08
3.5607741224555466e-08
3.575933406141864e-08
3.587299588080292e-08
3.6101241910620135e-08
3.624279683729942e-08
3.664306449973972e-08
3.680184546138672e-08
3.696088283767727e-08
3.708622640869324e-08
3.730210684484939e-08
3.743416598135348e-08
3.745954396078423e-08
3.783933270324855e-08
3.7901989252164856e-08
3.814957590175188e-08
3.8307094718895335e-08
3.8501232587811116e-08
3.838362371224282e-08
3.8758414624043915e-08
3.8760299838895565e-08
3.8538521731306675e-08
3.871869183889879e-08
3.8534277377151e-08
3.876439278920185e-08
3.8899479258177284e-08
3.896170562024312e-08
3.9108616165898026e-08
3.916797743574103e-08
3.915951890845662e-08
3.928570520201518e-08
3.952732612914476e-08
3.9615806696271306e-08
3.961344393701042e-08
3.972114350834192e-08
3.986889298781957e-08
3.9859591443391135e-08
4.004209154858778e-08
3.9881351200550794e-08
4.016149639111077e-08
4.011997735399008e-08
4.007829810628936e-08
4.0072422397412604e-08
4.027646087119637e-08
4.018050920022697e-08
4.012841304005119e-08
4.023770154366287e-08
4.0234377387169336e-08
4.026294068196184e-08
4.0228981808967796e-08
4.017238619745758e-08
4.007865906079687e-08
4.0100582327569156e-08
4.0010982574229305e-08
3.986041310925317e-08
3.9910550274373005e-08
3.987507981245812e-08
3.975918110323857e-08
3.980944320866352e-08
3.977360983703228e-08
3.974509033789e-08
3.9678722773435245e-08
3.971569217940701e-08
3.966698033616902e-08
3.970640027564364e-08
3.966402888700786e-08
3.9710248135336624e-08
3.967522224713989e-08
3.9582734085752165e-08
3.9609351824210495e-08
3.9576579624341863e-08
3.945843850345627e-08
3.9560992229763626e-08
3.95705834429386e-08
3.9459043031477544e-08
3.9486309572871056e-08
3.951637604753498e-08
3.9463889913949764e-08
3.940584106487781e-08
3.9352369579504436e-08
3.925956334609765e-08
3.916859434023949e-08
3.888789837608126e-08
3.878349051635009e-08
3.878407224964689e-08
3.8772355831098334e-08
3.860254699659522e-08
3.8517508976299906e-08
3.844383706497785e-08
3.8273191626264536e-08
3.8321587186330316e-08
3.825755301843347e-08
3.818525102666443e-08
3.817916291480952e-08
3.809163961687658e-08
3.82052986606466e-08
3.8196413404203027e-08
3.823432928211493e-08
3.8286066174028396e-08
3.824747967400918e-08
3.822280146016191e-08
3.837149537245102e-08
3.8361434677857056e-08
3.8389845337095226e-08
3.83885937946449e-08
3.8465776684489326e-08
3.8508987705615e-08
3.8499750304431047e-08
3.856113859779113e-08
3.8663317904776856e-08
3.8728356465373125e-08
3.876279498097179e-08
3.882868414405023e-08
3.892498597156579e-08
3.89861732137446e-08
3.905200786948052e-08
3.9143267195405496e-08
3.921664504419699e-08
3.9293895235720525e-08
3.936180979028901e-08
3.943187547013139e-08
3.9482646868839595e-08
3.9546000009155535e-08
3.95873570127892e-08
3.963787583441709e-08
3.967532495927676e-08
3.9709115487785564e-08
3.973658252770261e-08
3.9765040496200846e-08
3.9788963848087276e-08
3.9790845491164246e-08
3.980213416129144e-08
3.979542610867278e-08
3.97910321522642e-08
3.9748719009169576e-08
3.9631756436907914e-08
3.972322504532677e-08
3.966081368475756e-08
3.952864286195136e-08
3.9458880442376705e-08
3.9383595309845324e-08
3.9380601431493885e-08
3.9307497021439653e-08
3.92637211277998e-08
3.920014164224775e-08
3.917808659840193e-08
3.915415761098822e-08
3.9169222982367216e-08
3.911361951340832e-08
3.91264571700019e-08
3.911016107217014e-08
3.904386242325005e-08
3.912959169080371e-08
3.9197406794160205e-08
3.91834221991203e-08
3.904702841554234e-08
3.9055912282158197e-08
3.906519456922112e-08
3.903064565732533e-08
3.8984618776452926e-08
3.8946918084263895e-08
3.9002321246928633e-08
3.8958383689685033e-08
3.896515314855948e-08
3.897352288479651e-08
3.888336024524554e-08
3.891322696698088e-08
3.891591162549416e-08
3.886909008046265e-08
3.885121535196093e-08
3.886352732699202e-08
3.881967303441659e-08
3.886197942147013e-08
3.882614557868286e-08
3.878963024682188e-08
3.88102663761269e-08
3.874915713040705e-08
3.8693752021457657e-08
3.864487320888296e-08
3.8656762535555894e-08
3.865318769236127e-08
3.8548850919716165e-08
3.854622603511986e-08
3.860697365400843e-08
3.8562208140608705e-08
3.852456898233787e-08
3.8522639314422125e-08
3.8504839786e-08
3.8469438883095996e-08
3.8469592497340135e-08
3.844190478556251e-08
3.842708445206539e-08
3.845011477848133e-08
3.8423434133292114e-08
3.84620459244287e-08
3.84648546923573e-08
3.848985781274844e-08
3.8496875661331635e-08
3.850108470512467e-08
3.8518795989930496e-08
3.854347240830805e-08
3.856168929337742e-08
3.855878334813628e-08
3.857428391368963e-08
3.850068449148694e-08
3.8524470650312105e-08
3.858631101493327e-08
3.86448713398329e-08
3.8658946605189204e-08
3.865371089222494e-08
3.865096665471337e-08
3.864315868280939e-08

