5271446940731798.0 6555935128667124.0
5259408962169925.0 6531354394502598.0
5247370983608052.0 6506805377973661.0
5235333005046179.0 6481812902399291.0
5223467257676028.0 6456987953547852.0
5211601510305877.0 6432187103813952.0
5199735762935726.0 6407413050198882.0
5187870015565575.0 6382564872637977.0
5176174045459612.0 6357644682160108.0
5164478075353649.0 6332729457499013.0
5152782105247686.0 6307829033643141.0
5141086135141723.0 6282932657589033.0
5129390165035760.0 6257629929409634.0
5117861575342760.0 6232678880190684.0
5106332985649760.0 6207742289941278.0
5094804395956760.0 6182817079088216.0
5083275806263760.0 6157794208338167.0
5071912200122319.0 6132897308653921.0
5060548593980878.0 6108007636949224.0
5049184987839437.0 6083125829529478.0
5037821381697996.0 6058210384638167.0
5026620362259434.0 6033426018011080.0
5015419342820872.0 6008633168195441.0
5004218323382310.0 5983841854071926.0
4993017303943748.0 5959053635897643.0
4981816284505186.0 5934086073283660.0
4970775569042901.0 5909397904681451.0
4959734853580616.0 5884710747977037.0
4948694138118331.0 5860023891425107.0
4937653422656046.0 5835214116045029.0
4926770728453616.0 5810630860468672.0
4915888034251186.0 5786044622805411.0
4905005340048756.0 5761456313732706.0
4894122645846326.0 5736807546653539.0
4883395633118655.0 5712348170499106.0
4872668620390984.0 5687882879534029.0
4861941607663313.0 5663417497773046.0
4851214594935642.0 5638936170193175.0
4840641095096022.0 5614710018651901.0
4830067595256402.0 5590491841331567.0
4819494095416782.0 5566305756301568.0
4808920595577162.0 5542183897620300.0
4798347095737542.0 5518013163066227.0
4787924883135680.0 5494350326255390.0
4777502670533818.0 5470737082717557.0
4767080457931956.0 5447194146616230.0
4756658245330094.0 5423761540533893.0
4746385208450501.0 5400856933149647.0
4736112171570908.0 5378233921844751.0
4725839134691315.0 5355964712911535.0
4715566097811722.0 5333824366155313.0
4705440068070234.0 5312178122710443.0
4695314038328746.0 5290607475270585.0
4685188008587258.0 5269052836764220.0
4675061978845770.0 5247506086509270.0
4664935949104282.0 5225791418814252.0
4654954814985409.0 5204379411066805.0
4644973680866536.0 5182967618895901.0
4634992546747663.0 5161557116849929.0
4625011412628790.0 5140129562439451.0
4615173062617043.0 5118980919436299.0
4605334712605296.0 5097844250470892.0
4595496362593549.0 5076712666107011.0
4585658012581802.0 5055588886995616.0
4575960506365168.0 5034772493620763.0
4566263000148534.0 5013954392175892.0
4556565493931900.0 4993134207143224.0
4546867987715266.0 4972313509652502.0
4537170481498632.0 4951455951670702.0
4527611707564167.0 4930874389643783.0
4518052933629702.0 4910289438793171.0
4508494159695237.0 4889700454639777.0
4498935385760772.0 4869105863655297.0
4489513403792646.0 4848782539633900.0
4480091421824520.0 4828457555109254.0
4470669439856394.0 4808128357614106.0
4461247457888268.0 4787795036086420.0
4451825475920142.0 4767464595660298.0
4442538345608887.0 4747420951176067.0
4433251215297632.0 4727376108297744.0
4423964084986377.0 4707325265148807.0
4414676954675122.0 4687263973958131.0
4405522678642596.5 4667484131086119.0
4396368402610071.0 4647693267494221.0
4387214126577545.5 4627890648054991.0
4378059850545020.0 4608073040311696.0
4368905574512494.5 4588255572392675.0
4359882326580217.0 4568712788056951.0
4350859078647939.5 4549160460433146.0
4341835830715662.0 4529584276063252.0
4332812582783384.5 4510013536189268.0
4323918479708017.0 4490744654098490.0
4315024376632649.5 4471457162945606.5
4306130273557282.0 4452150099234545.5
4297236170481914.5 4432821256859466.5
4288342067406547.0 4413504805040710.5
4279575168881166.0 4394453714067391.5
4270808270355785.0 4375383699894916.5
4262041371830404.0 4356280508666403.0
4253274473305023.0 4337182850901989.0
4244633067283405.5 4318357578254236.0
4235991661261788.0 4299520224785554.0
4227350255240170.5 4280672146478980.0
4218708849218553.0 4261794171223691.5
4210067443196935.5 4242940140436326.5
4201549703506961.5 4224334036686409.5
4193031963816987.5 4205696085221317.5
4184514224127013.5 4187015935253136.5
4175996484437039.5 4168357603292386.5
4167600641970174.0 4149949178881848.0
4159204799503308.5 4131511011502127.0
4150808957036443.0 4113026058185584.5
4142413114569577.5 4094546883813213.0
4134137400218557.5 4076369105957236.0
4125861685867537.5 4058152851388405.0
4117585971516517.5 4039882466610599.5
4109310257165497.5 4021571768341650.5
4101034542814477.5 4003256533076485.0
4092877244539442.0 3985237468480167.0
4084719946264406.5 3967147871230114.0
4076562647989371.0 3949008892653387.0
4068405349714335.5 3930829950136536.0
4060364755476695.5 3913020802414664.5
4052324161239055.5 3895156257964261.5
4044283567001415.5 3877239479227708.5
4036242972763775.5 3859241202563392.0
4028202378526135.5 3841280537636613.5
4020276890420833.0 3823582586378552.0
4012351402315530.5 3805817301321771.5
4004425914210228.0 3787973182770219.0
3996500426104925.5 3770142217075687.5
3988688332092099.0 3752634040980117.5
3980876238079272.5 3735081774352549.0
3973064144066446.0 3717441021628264.0
3965252050053619.5 3699719073733453.0
3957439956040793.0 3682082884222549.5
3949739658217929.5 3664647713678597.5
3942039360395066.0 3647114354257278.0
3934339062572202.5 3629480822248223.0
3926638764749339.0 3611844758955624.5
3919048665212652.5 3594570743626347.5
3911458565675966.0 3577219149249331.0
3903868466139279.5 3559733526679918.5
3896278366602593.0 3542131922709403.0
3888796867447025.5 3524929071827080.0
3881315368291458.0 3507620613280250.0
3873833869135890.5 3490140789782785.5
3866352369980323.0 3472524627334947.0
3858870870824755.5 3455025654097105.5
3851496431216468.0 3437829355455465.5
3844121991608180.5 3420449850918542.0
3836747551999893.0 3402875964377151.0
3829373112391605.5 3385303090320762.0
3822104191494213.5 3368043269118052.0
3814835270596821.5 3350529327456210.5
3807566349699429.5 3332831706988838.0
3800297428802037.5 3314968804316013.0
3793132542846558.5 3297654273373223.5
3785967656891079.5 3280125152586266.0
3778802770935600.5 3262313292563727.0
3771637884980121.5 3244121515889164.5
3764472999024642.5 3226090235930223.5
3757410607177237.0 3208227398812478.0
3750348215329831.5 3190046708559605.0
3743285823482426.0 3171398203338696.0
3736223431635020.5 3152680474144863.5
3729262164262782.0 3133878629521314.5
3722300896890543.5 3114410331395476.0
3715339629518305.0 3094128031479360.0
3708378362146066.5 3074032926210109.0
3701516649880818.5 3053350959166522.5
3694654937615570.5 3031307780579500.5
3687793225350322.5 3007849069029280.0
3681029727092223.0 2984432105959819.0
3674266228834123.5 2958393238045744.0
3667502730576024.0 2928490159086347.5
3660739232317924.5 2895748285413052.0
3654072521367937.0 2854078011472205.5
3660739232317924.5 2769089459761048.0
