4826728503779880.0 6889929623083322.0
4814690525218007.0 6862063757952861.0
4802652546656134.0 6834264494769106.0
4790614568094261.0 6806183619065480.0
4778748820724110.0 6778540473792180.0
4766883073353959.0 6750935914957542.0
4755017325983808.0 6723339702825141.0
4743151578613657.0 6695520690077104.0
4731455608507694.0 6668124430640217.0
4719759638401731.0 6640757754249438.0
4708063668295768.0 6613445868149068.0
4696367698189805.0 6585985849230770.0
4684839108496806.0 6558909597464096.0
4673310518803806.0 6531866650619340.0
4661781929110806.0 6504868699845430.0
4650253339417806.0 6477732503824560.0
4638889733276365.0 6450943310357590.0
4627526127134924.0 6424181582591945.0
4616162520993483.0 6397466116294425.0
4604798914852042.0 6370597862311438.0
4593597895413480.0 6344146628387577.0
4582396875974918.0 6317723426400306.0
4571195856536356.0 6291344913725913.0
4559994837097794.0 6264866856695425.0
4548954121635509.0 6238749912095258.0
4537913406173224.0 6212647512321777.0
4526872690710939.0 6186562646294979.0
4515831975248654.0 6160379175350313.0
4504949281046224.0 6134576495246368.0
4494066586843794.0 6108801786800146.0
4483183892641364.0 6083067438540983.0
4472301198438934.0 6057218215150382.0
4461574185711263.5 6031769043162181.0
4450847172983593.0 6006334019322125.0
4440120160255922.5 5980907674825230.0
4429393147528252.0 5955400150761474.0
4418819647688632.5 5930250072162537.0
4408246147849013.0 5905132064353432.0
4397672648009393.5 5880045073867717.0
4387099148169774.0 5854900613569356.0
4376676935567912.5 5830096972627065.0
4366254722966051.0 5805320235431553.0
4355832510364189.5 5780579255444044.0
4345410297762328.0 5755767125078983.0
4335137260882735.0 5731303366818005.0
4324864224003142.0 5706845360402976.0
4314591187123549.0 5682404409378174.0
4304318150243956.0 5657900772121261.0
4294192120502468.0 5633745213581200.0
4284066090760980.0 5609626724381026.0
4273940061019492.0 5585526135527444.0
4263814031278004.0 5561373626314227.0
4253832897159131.5 5537558261499134.0
4243851763040259.0 5513749952799781.0
4233870628921386.5 5489958006934608.0
4223889494802514.0 5466129774849119.0
4214051144790767.0 5442614202443853.0
4204212794779020.0 5419128801141092.0
4194374444767273.0 5395660408348053.0
4184536094755526.0 5372173339183613.0
4174838588538892.5 5348987523956453.0
4165141082322259.0 5325827711546523.0
4155443576105625.5 5302685577664468.0
4145746069888992.0 5279499941673419.0
4136187295954527.0 5256626837552857.0
4126628522020062.0 5233772906438469.0
4117069748085597.0 5210939947927276.0
4107510974151132.0 5188073887858096.0
4098088992183006.0 5165527404480374.0
4088667010214880.0 5143001636520439.0
4079245028246754.0 5120494033820102.0
4069823046278628.0 5097959406012849.0
4060535915967373.0 5075731531100583.0
4051248785656118.0 5053513248275528.0
4041961655344863.0 5031304476449415.0
4032674525033608.0 5009075319450058.0
4023520249001082.5 4987152962654725.0
4014365972968557.0 4965243250646138.0
4005211696936031.5 4943351171240547.0
3996057420903506.0 4921451062122506.0
3987034172971228.5 4899855746843137.0
3978010925038951.0 4878273181826910.0
3968987677106673.5 4856701841792824.0
3959964429174396.0 4835122497005411.0
3951070326099028.5 4813840452560331.0
3942176223023661.0 4792570913106406.0
3933282119948293.5 4771313909854052.0
3924388016872926.0 4750059595490269.0
3915621118347545.0 4729097356416642.0
3906854219822164.0 4708144225925114.0
3898087321296783.0 4687201245335849.0
3889320422771402.0 4666263282673026.0
3880679016749784.5 4645619692486894.0
3872037610728167.0 4624980147512058.0
3863396204706549.5 4604346182439946.0
3854754798684932.0 4583722762065640.0
3846237058994958.0 4563417617692754.0
3837719319304984.0 4543117584853733.0
3829201579615010.0 4522821526747534.0
3820683839925036.0 4502534078842989.5
3812287997458170.5 4482576188756182.5
3803892154991305.0 4462622715821421.0
3795496312524439.5 4442674022799024.5
3787100470057574.0 4422728358616183.0
3778824755706554.0 4403084243496890.0
3770549041355534.0 4383442394279597.0
3762273327004514.0 4363801911181626.0
3753997612653494.0 4344165204789429.0
3745840314378458.5 4324845647281912.5
3737683016103423.0 4305522552412275.0
3729525717828387.5 4286197406218653.5
3721368419553352.0 4266868431708310.0
3713211121278316.5 4247626657835222.0
3705170527040676.5 4228681451931058.0
3697129932803036.5 4209734927352401.0
3689089338565396.5 4190789282088527.5
3681048744327756.5 4171941028544165.5
3673123256222454.0 4153415881721248.0
3665197768117151.5 4134910884863074.0
3657272280011849.0 4116449861181580.0
3649346791906546.5 4098046657953942.0
3641534697893720.0 4079986715544942.0
3633722603880893.5 4061995684864020.5
3625910509868067.0 4044039276969148.0
3618098415855240.5 4026257077402793.5
3610398118032377.0 4008870147455338.0
3602697820209513.5 3991770576157094.5
3594997522386650.0 3975096220832876.5
3587297224563786.5 3958553564071133.5
3579707125027100.0 3942423451429892.5
3572117025490413.5 3926344601620853.5
3564526925953727.0 3910287318006962.5
3556936826417040.5 3894244622658766.5
3549346726880354.0 3878247232838123.0
3541865227724786.5 3862564433963170.5
3534383728569219.0 3846902847020550.0
3526902229413651.5 3831253750645831.0
3519420730258084.0 3815629268565624.5
3511939231102516.5 3800135900254877.5
3504564791494229.0 3784866662287145.0
3497190351885941.5 3769595163731780.0
3489815912277654.0 3754322562857281.5
3482441472669366.5 3739076269444213.0
3475172551771974.5 3724079204589321.0
3467903630874582.5 3709089367650711.0
3460634709977190.5 3694101857254067.0
3453365789079798.5 3679115078079514.0
3446096868182406.5 3664221711489468.0
3438931982226927.5 3649580804568636.5
3431767096271448.5 3634944966084387.0
3424602210315969.5 3620313767039968.5
3417437324360490.5 3605728264184251.5
3410374932513085.0 3591432573001462.0
3403312540665679.5 3577138643721494.0
3396250148818274.0 3562845836638750.0
3389187756970868.5 3548554147896326.5
3382125365123463.0 3534309426435887.0
3375164097751224.5 3520342841810807.5
3368202830378986.0 3506376860526610.0
3361241563006747.5 3492411443907638.5
3354280295634509.0 3478456996895769.0
3347319028262270.5 3464621245480104.5
3340457315997022.5 3450995779696954.5
3333595603731774.5 3437371949076641.5
3326733891466526.5 3423748719140632.5
3319872179201278.5 3410141650709686.0
3313108680943179.0 3396842527374628.5
3306345182685079.5 3383556761181643.0
3299581684426980.0 3370271410846634.5
3292818186168880.5 3356986240122523.0
3286054687910781.0 3343763910312592.5
3279387976960793.5 3330799386753863.5
3272721266010806.0 3317835024801512.5
3266054555060818.5 3304871631878699.0
3259387844110831.0 3291909132685108.5
3252721133160843.5 3278995318982742.0
3246149811354269.0 3266334672911656.0
3239578489547694.5 3253675108303353.0
3233007167741120.0 3241016714116136.0
3226435845934545.5 3228359226208899.5
3219864524127971.0 3215747737010387.0
3213387250366239.5 3203365079519023.0
3206909976604508.0 3190983089783984.5
3200432702842776.5 3178602419646293.5
3193955429081045.0 3166223297455511.0
3187478155319313.5 3153899535359009.0
3181093559972062.5 3141764327050626.0
3174708964624811.5 3129630249161773.5
3168324369277560.5 3117496842178955.0
3161939773930309.5 3105365805739364.0
3155555178583058.5 3093276516995647.5
3149261949083511.0 3081367595576121.0
3142968719583963.0 3069459528005640.5
3136675490084415.0 3057551613804671.0
3130382260584867.0 3045644558129729.5
3124089031085319.0 3033760116448682.0
3117885854873058.5 3022052707096161.5
3111682678660798.0 3010345353177631.5
3105479502448537.5 2998638001473661.0
3099276326236277.0 2986930273641175.5
3093073150024016.5 2975234946234783.0
3086958743066602.5 2963708277221386.5
3080844336109188.5 2952180815261357.0
3074729929151774.5 2940652510750993.0
3068615522194360.5 2929124127667663.0
3062588600464442.0 2917764507658389.0
3056561678734523.5 2906403953757286.0
3050534757004605.0 2895040562252951.5
3044507835274686.5 2883675570557355.0
3038480913544768.0 2872308966370184.0
3032540250079850.5 2861107143124913.5
3026599586614933.0 2849904975580067.5
3020658923150015.5 2838700785795995.5
3014718259685098.0 2827492291062658.0
3008777596220180.5 2816283313298995.0
3002921935522160.5 2805236679028446.5
2997066274824140.5 2794186618379433.0
2991210614126120.5 2783131867083435.0
2985354953428100.5 2772071774360785.0
2979499292730080.5 2761008151496752.0
2973727436374617.5 2750106086545654.0
2967955580019154.5 2739200243046098.0
2962183723663691.5 2728284811032612.5
2956411867308228.5 2717366791361147.0
2950640010952765.5 2706448874799627.0
2944950731976093.0 2695686719250410.5
2939261452999420.5 2684918067436710.5
2933572174022748.0 2674140332203540.5
2927882895046075.5 2663353298022558.0
2922193616069403.0 2652558667325572.0
2916585744578973.0 2641904726389485.5
2910977873088543.0 2631242772617168.5
2905370001598113.0 2620568561738260.0
2899762130107683.0 2609884938892832.5
2894154258617253.0 2599179441305707.5
2888626653252309.5 2588609477440007.0
2883099047887366.0 2578035547826389.5
2877571442522422.5 2567444976678135.0
2872043837157479.0 2556841679330509.0
2866516231792535.5 2546216465373035.0
2861067722659258.0 2535693052914200.5
2855619213525980.5 2525144803414206.5
2850170704392703.0 2514584009603887.0
2844722195259425.5 2504000776290153.5
2839273686126148.0 2493385939116696.5
2833903160399390.5 2482839206315497.0
2828532634672633.0 2472277621756314.5
2823162108945875.5 2461710521841518.0
2817791583219118.0 2451107671059684.5
2812421057492360.5 2440459502516620.0
2807127345278302.5 2429856854262492.5
2801833633064244.5 2419225918118913.0
2796539920850186.5 2408558944494009.0
2791246208636128.5 2397859886435543.0
2785952496422070.5 2387062667201262.5
2780734570496031.5 2376313378515575.5
2775516644569992.5 2365523435903554.0
2770298718643953.5 2354691973730512.5
2765080792717914.5 2343807879817851.0
2759862866791875.5 2332715347234781.5
2754719585795645.0 2321652847867010.5
2749576304799414.5 2310520612616525.0
2744433023803184.0 2299324603719886.0
2739289742806953.5 2288031491391653.0
2734146461810723.0 2276485328007108.5
2729076798519620.5 2264980171510840.5
2724007135228518.0 2253381132025941.0
2718937471937415.5 2241674242738115.8
2713867808646313.0 2229717573543938.2
2708870678768256.5 2217601733002728.2
2703873548890200.0 2205417452236899.2
2698876419012143.5 2193044540613868.5
2693879289134087.0 2180429951833343.0
2688953665445669.0 2167541588685449.8
2684028041757251.0 2154365054954657.2
2679102418068833.0 2140952196582896.0
2674176794380415.0 2127221271801438.2
2669321649658228.0 2113002421447897.0
2664466504936041.0 2098209855656201.0
2659611360213854.0 2082798104973629.0
2654756215491667.0 2066951882799960.2
2649970579578432.0 2050353109403149.5
2645184943665197.0 2032411540228155.0
2640399307751962.0 2013351061474312.5
2635613671838727.0 1992182237284588.2
2630896488977971.5 1968253374551252.8
2626179306117216.0 1938582071867971.5
2621529634686634.5 1900784501618510.8
2626179306117216.0 1820935515594460.5
