5.3931603092477e-10
2.0081687856040685e-09
4.377314192580904e-09
8.682325507973177e-09
8.628539394038103e-09
4.980317291750882e-09
5.9606353226553635e-09
5.7665922395609e-09
7.622995262962904e-09
7.387598722555227e-09
7.626181090803675e-09
8.54730631961627e-09
8.902227552789741e-09
9.67264962413576e-09
1.022263575819191e-08
1.0695562347768252e-08
1.1251505899279918e-08
1.20684917308386e-08
1.2108398081010449e-08
1.1912838497092007e-08
1.2729021305197721e-08
1.2421532253775291e-08
1.234322454314437e-08
1.3111067779491012e-08
1.3277395122960041e-08
1.4320690002987667e-08
1.4972898194872666e-08
1.511616848037628e-08
1.5228533873624442e-08
1.660451173605185e-08
1.524884520295217e-08
1.4483901725731485e-08
1.468352819846503e-08
1.4498065361281819e-08
1.603555056811493e-08
1.5130864293660795e-08
1.552722797949687e-08
1.597453487966059e-08
1.4792789117040185e-08
1.4542986549861143e-08
1.3617308712211966e-08
1.3508378058697104e-08
1.2787613554188964e-08
1.3551352177249324e-08
1.4714713264787655e-08
1.5810733547738275e-08
1.506984985889503e-08
1.4557252266034078e-08
1.5035167534989076e-08
1.2537106132669583e-08
1.207393080357527e-08
1.2605812647825524e-08
1.3620135784714112e-08
1.3257487926383292e-08
1.2863102941974665e-08
1.2744863907387015e-08
1.2415435024227419e-08
1.1096732970884956e-08
1.2622619220088234e-08
1.2389810820137842e-08
1.315340189526814e-08
1.2816155040216236e-08
1.1387026063381915e-08
1.1902548899136497e-08
1.4116261647545276e-08
1.2039301843681836e-08
1.152714056623714e-08
1.2892276781399884e-08
1.2884383401514016e-08
1.23144056320284e-08
1.215599244800673e-08
1.2877264229596514e-08
1.264820141064966e-08
1.184365096911306e-08
1.2453076570459678e-08
1.2830513314028783e-08
1.2432382715425042e-08
1.246411815619333e-08
1.2314278980073171e-08
1.2510737056069898e-08
1.2063353626492468e-08
1.2190041309884498e-08
1.1865975387877566e-08
1.194541571174898e-08
1.2232993820153138e-08
1.2224297955124739e-08
1.2179397289882417e-08
1.1999055452817006e-08
1.2174744289178699e-08
1.2076650583490243e-08
1.2102279257291602e-08
1.2118401994715762e-08
1.1945527288112198e-08
1.1367328911125891e-08
1.1627632985155402e-08
1.2435140444933455e-08
1.2241172619294725e-08
1.1424747789679284e-08
1.2092842903658002e-08
1.208478789855063e-08
1.1763832000275773e-08
1.1743498068916322e-08
1.1929143268891873e-08
1.2265938253062881e-08
1.1789308085740592e-08
1.194339818883868e-08
1.1522625762921654e-08
1.1984845806718814e-08
1.2384017210770329e-08
1.2254569485166641e-08
1.181043571675091e-08
1.2362335624959716e-08
1.244399670574063e-08
1.2119573240303047e-08
1.1719053854679697e-08
1.19803898378301e-08
1.21215181786194e-08
1.2084299505502067e-08
1.1828419352665494e-08
1.2093640240402588e-08
1.1697204512308607e-08
1.2261093850348967e-08
1.2194286302598522e-08
1.1600668752725838e-08
1.1739197347419297e-08
1.2245104451393047e-08
1.1507901001725007e-08
1.1917618546517564e-08
1.2175927325538645e-08
1.2134323415564173e-08
1.2062533376708078e-08
1.2566332922530671e-08
1.2166203658416714e-08
1.1660448524027144e-08
1.2243895367519031e-08
1.2470926572268321e-08
1.1973736253195077e-08
1.178079070464567e-08
1.2478434159877573e-08
1.219252198788338e-08
1.2076869920211493e-08
1.1784927830284144e-08
1.226432871145853e-08
1.2173368021970123e-08
1.189722947860125e-08
1.1654036207699635e-08
1.2194598222430452e-08
1.1898697617983334e-08
1.1898697617983334e-08
1.1850605894575341e-08
1.1922261365359755e-08
1.2721472478775292e-08
1.1727123216045497e-08
1.1736005965262226e-08
1.237907322245248e-08
1.2262369078614626e-08
1.1764896331592026e-08
1.1692623282305061e-08
1.2870685948344069e-08
1.2583990860316999e-08
1.1669280765319628e-08
1.1614913684662952e-08
1.2183054850536307e-08
1.243820793837647e-08
1.182367015514614e-08
1.1610745687691214e-08
1.2693736424445582e-08
1.235072827534121e-08
1.2164719919813082e-08
1.245112289778003e-08
1.1962361149234914e-08
1.2168275522006982e-08
1.2215972570406424e-08
1.234741514289964e-08
1.1678644042541231e-08
1.1733321026054343e-08
1.2133445566272639e-08
1.341477958809553e-08
1.2052855631045087e-08
1.1749387818002537e-08
1.2363665696290118e-08
1.257825994585846e-08
1.2265641329881041e-08
1.1981395376940144e-08
1.1797293461218926e-08
1.2181125671329768e-08
1.3084388840264063e-08
1.2446597398189273e-08
1.2351182467847133e-08
1.1877401443398373e-08
1.2574528559223141e-08
1.2084214349379241e-08
1.2092658647152243e-08
1.152522920302854e-08
1.2755802867549726e-08
1.2308860959048285e-08
1.2314562293630541e-08
1.2371371928652822e-08
1.2552641353711428e-08
1.233365894787851e-08
1.2468060371687734e-08
1.2484326315729457e-08
1.233198249723993e-08
1.2198686106955085e-08
1.2289699710174914e-08
1.2041539485000387e-08
1.2552308509937794e-08
1.2778814674025432e-08
1.2707369789002542e-08
1.2062223650768578e-08
1.257757937910421e-08
1.2981047478706544e-08
1.343401531213418e-08
1.2633961265860524e-08
1.1963534609591537e-08
1.1848919386090156e-08
1.2591988989857766e-08
1.2446112557819532e-08
1.2173388398644445e-08
1.2134937846065509e-08
1.1679991792245466e-08
1.1382482691230106e-08
1.2609380648767377e-08
1.2352822570671793e-08
1.1161959649366383e-08
1.232606841668638e-08
1.1758915786320591e-08
1.1189935203911885e-08
1.12998521652578e-08
1.1481036197926189e-08
1.1783094115425308e-08
1.2104284099574202e-08
1.1351981246625653e-08
1.1490165507782334e-08
1.1575038123433572e-08
1.2136324007802816e-08
1.1193247314762921e-08
1.1473327218415189e-08
1.1711434536683628e-08
1.1934987367357011e-08
1.1726639298453926e-08
1.1480975867336668e-08
1.1247820900103351e-08
1.1309263478293954e-08
1.1746124881527907e-08
1.0999712288966432e-08
1.0999712288966432e-08
1.168468111574732e-08
1.160325160261857e-08
1.138674492660284e-08
1.1522769482542536e-08
1.2051525881058016e-08
1.1855575479761295e-08
1.1521079749564176e-08
1.1125038312437371e-08
1.1288762333844993e-08
1.1540019414418379e-08
1.2466279600065771e-08
1.2618316448653835e-08
1.1491697418325807e-08
1.2819360477603016e-08
1.2016405699035776e-08
1.2291527142841631e-08
1.2537041855859446e-08
1.2198600639655885e-08
1.232679804248611e-08
1.2482940321998232e-08
1.2800093486996637e-08
1.2563086563452662e-08
1.1794047908681442e-08
1.1664911678162695e-08
1.1718758988784018e-08
1.1257560084198357e-08
1.199406485650139e-08
1.2370333143061275e-08
1.2171900944585844e-08
1.2108874654979836e-08
1.2966658779843992e-08
1.2523395599353712e-08
1.2935083272400864e-08
1.3487092002605736e-08
1.2836073584382053e-08
1.2881494395362945e-08
1.2223660604063915e-08
1.2691943037994684e-08
1.2691943037994684e-08
1.2249513947825915e-08
1.2798659702088358e-08
1.2245795209076378e-08
1.182489571795162e-08
1.209942958752363e-08
1.167160607745251e-08
1.1814060915174986e-08
1.1327402688978158e-08
1.201075831758579e-08
1.2216447302800582e-08
1.1348625680818619e-08
1.18031019653366e-08
1.2475783835325747e-08
1.2284614699932903e-08
1.1442216939778956e-08
1.2141372867701725e-08
1.2730040684138271e-08
1.1340960375296872e-08
1.1996533586909976e-08
1.2096966795510055e-08
1.1936122625363549e-08
1.1282910646449385e-08
1.1781896127327512e-08
1.1679645479123457e-08
1.1117621221750725e-08
1.1341424097000329e-08
1.1779995629086139e-08
1.1576133834868398e-08
1.1280499946570922e-08
1.1283021206895873e-08
1.1703024137152781e-08
1.1574275275016274e-08
1.1476717552600996e-08
1.1609074098071465e-08
1.1468868440533393e-08
1.1548254935701832e-08
1.1242864249034454e-08
1.1482507073610767e-08
1.2586526191075725e-08
1.1658395455484282e-08
1.1378298143887052e-08
1.1509926245401783e-08
1.158356631268068e-08
1.0814022027054746e-08
1.0701275117643484e-08
1.161294717441513e-08
1.1733248236983184e-08
1.0991665549755641e-08
1.1436232807187934e-08

