1879585760752390.8 4219082833235267.0
1871881354033351.2 4199180293862068.5
1864176947314311.8 4179312964064346.0
1856601057706947.0 4162032884466337.0
1849025168099582.2 4144797540135281.0
1841449278492217.5 4127598350888646.5
1833873388884852.8 4110541822032210.0
1826423847803726.8 4094759658555907.5
1818974306722600.8 4079006537736794.5
1811524765641474.8 4063258321270360.5
1804075224560348.8 4047513740225675.5
1796625683479222.8 4032101124377376.0
1789300407941910.8 4017014061416619.0
1781975132404598.8 4001905464108643.0
1774649856867286.8 3986783858361932.0
1767324581329974.8 3971644225179223.0
1760121516890933.2 3956738686612948.5
1752918452451891.8 3941800880572083.5
1745715388012850.2 3926842645570639.0
1738512323573808.8 3911875442180169.0
1731429387250613.0 3896995755652463.0
1724346450927417.2 3882062243561915.0
1717263514604221.5 3867138020202201.0
1710180578281025.8 3852220187281273.5
1703097641957830.0 3837031172105882.0
1696132864904130.5 3821974479907322.5
1689168087850431.0 3806919820769733.0
1682203310796731.5 3791865949414457.0
1675238533743032.0 3776509124330015.0
1668389918580687.0 3761206866518003.5
1661541303418342.0 3745894670172167.0
1654692688255997.0 3730599963234132.5
1647844073093652.0 3715221526914300.5
1641109708043713.8 3699675654698434.0
1634375342993775.5 3684117507008285.5
1627640977943837.2 3668551701981833.0
1620906612893899.0 3652894943923262.5
1614284557646900.0 3637112820179838.0
1607662502399901.0 3621364263111824.0
1601040447152902.0 3605638748009646.0
1594418391905903.0 3589750909638512.0
1587906820282089.0 3573799262898149.5
1581395248658275.0 3557861684735654.0
1574883677034461.0 3541942367073253.0
1568372105410647.0 3525719741170692.5
1561969134170496.8 3509592503908305.0
1555566162930346.5 3493480773357399.5
1549163191690196.2 3477374268688742.5
1542760220450046.0 3460806574859009.0
1536464080483752.0 3444446279989289.5
1530167940517458.0 3428139823841138.0
1523871800551164.0 3411813708508107.5
1517680665684061.8 3395234732786643.5
1511489530816959.5 3378679635026399.5
1505298395949857.2 3362138052726635.5
1499107261082755.0 3345231409666606.5
1493019390740646.2 3328352090310710.0
1486931520398537.5 3311487795232974.5
1480843650056428.8 3294512322476659.5
1474857332200724.5 3277355056250513.5
1468871014345020.2 3260261407341310.0
1462884696489316.0 3243260431449569.0
1456998247611947.2 3225959463935603.0
1451111798734578.5 3208659709557028.5
1445225349857209.8 3191399218471468.5
1439338900979841.0 3173870925842631.0
1433550637576555.8 3156391949365928.0
1427762374173270.5 3138916174953302.0
1421974110769985.2 3121123592564664.0
1416282377870868.8 3103439173434700.0
1410590644971752.2 3085823284815605.5
1404898912072635.8 3068164681432964.5
1399302140305694.5 3050456406830404.5
1393705368538753.2 3032777565139739.5
1388108596771812.0 3015095857083310.0
1382605159699559.5 2997357575343438.5
1377101722627307.0 2979633609018482.0
1371598285555054.5 2961906149389524.0
1366186670876716.0 2944238922547496.5
1360775056198377.5 2926595930233527.0
1355363441520039.0 2908936373885527.5
1350042079865529.5 2891329492177136.0
1344720718211020.0 2873736159977767.0
1339399356556510.5 2856120915771802.0
1334166764157483.8 2838696312123038.0
1328934171758457.0 2821280287537364.0
1323701579359430.2 2803804829455580.5
1318556272449448.8 2786417836770789.5
1313410965539467.2 2769075680873970.0
1308265658629485.8 2751590536968750.0
1303206181973903.8 2734353574996563.0
1298146705318321.8 2717147913416740.0
1293087228662739.8 2699758139111312.0
1288112127028184.2 2682648845877218.0
1283137025393628.8 2665664360554821.5
1278161923759073.2 2648460492613173.0
1273269827513909.5 2631524985854307.0
1268377731268745.8 2614656686325730.5
1263567242247002.2 2597855374882555.5
1258756753225258.8 2581095824294288.0
1253946264203515.2 2564420075820302.0
1249216012772921.5 2547815157028432.5
1244485761342327.8 2531296364538924.5
1239755509911734.0 2514776483172712.5
1235104154976264.5 2498510814074763.5
1230452800040795.0 2482251713694107.5
1225801445105325.5 2466008690657914.5
1221227674100111.2 2450036541928036.0
1216653903094897.0 2434092141730043.0
1212080132089682.8 2418225756175361.0
1207582660984191.8 2402641989942274.0
1203085189878700.8 2387101218227855.5
1198662734644945.8 2371889208495800.5
1194240279411190.8 2356731249276897.0
1189817824177435.8 2341584522785979.5
1185469129318585.0 2326762305312145.0
1181120434459734.2 2311942587111514.0
1176771739600883.5 2297153531802291.5
1172495578155715.2 2282651670489939.0
1168219416710547.0 2268148456815116.5
1163943255265378.8 2253662401885331.0
1159738428805735.5 2239447659295884.8
1155533602346092.2 2225227751087471.0
1151328775886449.0 2211035192516776.5
1147194114517874.2 2197105777749534.0
1143059453149299.5 2183170281643477.8
1138924791780724.8 2169260656838416.5
1134859068543269.0 2155633079654126.5
1130793345305813.2 2141992257224068.0
1126727622068357.5 2128399248534632.5
1122729724134965.8 2115095845737771.8
1118731826201574.0 2101787931303982.5
1114733928268182.2 2088524024597372.5
1110802728545903.2 2075591164402997.5
1106871528823624.2 2062667006868385.2
1102940329101345.2 2049815665318627.2
1099074686231332.0 2037292708325228.0
1095209043361318.8 2024783398333720.5
1091343400491305.5 2012317458182413.2
1087542258714540.8 2000123638528263.0
1083741116937776.0 1987971791914847.8
1079939975161011.2 1975857329650023.5
1076202221652984.8 1963985810977733.5
1072464468144958.2 1952153846995368.2
1068726714636931.8 1940297810030501.2
1065051307906431.0 1928661935341566.0
1061375901175930.2 1917072248606493.5
1057700494445429.5 1905492707836491.0
1054086407268410.6 1894113630178600.0
1050472320091391.8 1882771907674786.8
1046858232914372.9 1871502416055992.0
1043304423800259.5 1860438179808664.2
1039750614686146.1 1849409807513691.0
1036196805572032.8 1838395723833964.8
1032702275830481.6 1827538265571953.2
1029207746088930.5 1816705293724157.5
1025713216347379.4 1805884348276119.8
1022276981556488.1 1795214462396921.2
1018840746765596.9 1784551716994111.2
1015404511974705.6 1773898813335474.0
1011968277183814.4 1763202236431772.0
1008589352920408.4 1752690281750025.0
1005210428657002.4 1742187569998821.8
1001831504393596.4 1731624064820302.2
998508949035370.2 1721226548583058.5
995186393677144.1 1710839365861692.0
991863838318918.0 1700369463361671.2
988596695978306.4 1690036166986625.0
985329553637694.8 1679728823529835.0
982062411297083.1 1669348741947629.2
978849768885481.4 1659030910274029.5
975637126473879.6 1648731818206331.2
972424484062277.9 1638309160203093.0
969265442757613.6 1627720191188787.2
966106401452949.4 1617111143741893.5
962947360148285.1 1606294044684123.5
959840992598602.5 1595166297429830.5
956734625048919.9 1584012046429562.5
953628257499237.2 1572417575861821.2
950573721949229.4 1560606445263657.2
947519186399221.5 1548742081588497.2
944515598295893.0 1536382959002366.5
941512010192564.5 1523877627087138.5
938508422089236.0 1511270885218580.0
935554939679824.9 1498876826834834.0
932601457270413.8 1486408656290333.8
929697224535625.5 1474407956552277.5
926792991800837.2 1462414888968062.2
923888759066049.0 1450348410528309.0
921032977052718.4 1438437957050595.0
918177195039387.8 1426532538493073.8
915369064796258.0 1414438566903937.8
912560934553128.2 1402399880123167.0
909752804309998.5 1390202268098505.2
906991498352430.4 1377939153158773.8
904230192394862.2 1365643452972477.5
901514940303709.5 1353104768145803.5
898799688212556.8 1340497780444789.8
896129748103646.1 1326925499373178.2
893459807994735.5 1312880318529302.2
890789867885824.9 1297149703890439.2
888164455075386.2 1280487121702836.5
885582827679246.5 1261193815508827.8
883001200283106.8 1241192269906366.0
880462644951111.6 1219428382372691.2
877966434066574.6 1193320435900105.8
875511854279659.5 1161696536538431.5
