1945532186765161.5 4189081891773475.0
1937827780046122.0 4158383732980257.0
1930123373327082.5 4135609291853718.0
1922547483719717.8 4113462210957955.5
1914971594112353.0 4091168599278002.0
1907395704504988.2 4070916766918118.0
1899946163423862.2 4052845725860235.5
1892496622342736.2 4034774684802353.0
1885047081261610.2 4016627618792209.0
1877597540180484.2 3999162009537641.0
1870272264643172.2 3983320262288528.5
1862946989105860.2 3967472313776789.5
1855621713568548.2 3951593167166220.5
1848296438031236.2 3936022708575502.0
1841093373592194.8 3921472908776917.0
1833890309153153.2 3906932084126489.5
1826687244714111.8 3892394624007601.5
1819484180275070.2 3877868164947799.0
1812281115836028.8 3863632380511403.5
1805198179512833.0 3849733819905233.5
1798115243189637.2 3835829688902297.0
1791032306866441.5 3821926481621455.5
1783949370543245.8 3808033813631523.5
1776984593489546.2 3794390216313860.5
1770019816435846.8 3780758437777151.5
1763055039382147.2 3767107174131421.0
1756090262328447.8 3753436358311208.5
1749125485274748.2 3739701202702821.0
1742276870112403.2 3726139034564853.5
1735428254950058.2 3712556881090199.5
1728579639787713.2 3698978914086782.5
1721731024625368.2 3685301600430502.5
1714996659575430.0 3671645604151554.5
1708262294525491.8 3657996389040931.5
1701527929475553.5 3644325922226749.0
1694793564425615.2 3630597680505752.5
1688059199375677.0 3616663664944679.0
1681437144128678.0 3602880622230662.5
1674815088881679.0 3589044445397449.0
1668193033634680.0 3575213652836680.0
1661570978387681.0 3561247205747290.5
1655059406763867.0 3547286403596180.0
1648547835140053.0 3533298644163083.0
1642036263516239.0 3519324629602207.5
1635524691892425.0 3505313907574434.5
1629121720652274.8 3491135789716731.0
1622718749412124.5 3476927356133242.0
1616315778171974.2 3462739045387016.5
1609912806931824.0 3448585203717494.5
1603616666965530.0 3434111371920801.5
1597320526999236.0 3419611868987014.5
1591024387032942.0 3405117362270962.5
1584728247066648.0 3390637370241216.5
1578537112199545.8 3375934343532887.0
1572345977332443.5 3361148428334371.0
1566154842465341.2 3346383028342280.5
1559963707598239.0 3331639599345687.0
1553875837256130.2 3316467180638227.0
1547787966914021.5 3301322008960367.0
1541700096571912.8 3286194957223361.0
1535612226229804.0 3270882936136047.5
1529625908374099.8 3255308244334181.0
1523639590518395.5 3239793770766149.5
1517653272662691.2 3224320648775206.5
1511666954806987.0 3208409101269065.5
1505780505929618.2 3192485069837990.0
1499894057052249.5 3176549365793693.5
1494007608174880.8 3160617345873398.0
1488219344771595.5 3144280321151118.5
1482431081368310.2 3127960035953436.0
1476642817965025.0 3111689177497509.5
1470854554561739.8 3095133064277658.0
1465162821662623.2 3078680104452256.5
1459471088763506.8 3062257514336815.5
1453779355864390.2 3045727518036867.5
1448182584097449.0 3029158778946202.0
1442585812330507.8 3012630330392379.0
1436989040563566.5 2996104521292546.5
1431485603491314.0 2979521718483249.5
1425982166419061.5 2963031849447342.5
1420478729346809.0 2946590004889470.0
1415067114668470.5 2930135520416933.0
1409655499990132.0 2913691030589693.5
1404243885311793.5 2897267131768697.5
1398832270633455.0 2880538674730552.0
1393510908978945.5 2864087938410135.5
1388189547324436.0 2847726743924664.5
1382868185669926.5 2831220948654736.0
1377635593270899.8 2814880868816920.5
1372403000871873.0 2798614948924661.5
1367170408472846.2 2782250020348700.5
1362025101562864.8 2765981560573511.5
1356879794652883.2 2749801484913172.5
1351734487742901.8 2733560769216054.5
1346675011087319.8 2717415941851757.5
1341615534431737.8 2701316096009846.5
1336556057776155.8 2685130653929483.5
1331580956141600.2 2669042000769156.0
1326605854507044.8 2653021476603045.5
1321630752872489.2 2636946898544859.5
1316738656627325.5 2620982225646893.5
1311846560382161.8 2605075836637167.5
1306954464136998.0 2589074113271316.5
1302143975115254.5 2573191456193433.0
1297333486093511.0 2557363437269025.0
1292522997071767.5 2541453222769460.5
1287792745641173.8 2525644256719621.5
1283062494210580.0 2509873141200221.5
1278332242779986.2 2494093362175534.5
1273680887844516.8 2478380435471861.5
1269029532909047.2 2462736160926705.5
1264378177973577.8 2446982090687992.0
1259804406968363.5 2431407770370319.5
1255230635963149.2 2415887266292219.5
1250656864957935.0 2400301364884418.0
1246159393852444.0 2384970430019946.5
1241661922746953.0 2369649163203740.5
1237164451641462.0 2354325082886882.0
1232741996407707.0 2339252414267705.0
1228319541173952.0 2324188136962599.0
1223970846315101.2 2309436006734449.5
1219622151456250.5 2294683909927654.0
1215273456597399.8 2279931987953530.0
1210997295152231.5 2265534996835774.0
1206721133707063.2 2251141956295607.2
1202444972261895.0 2236766280589552.2
1198240145802251.8 2222660502683865.8
1194035319342608.5 2208567544789865.0
1189830492882965.2 2194482977005093.2
1185695831514390.5 2180552732657237.0
1181561170145815.8 2166663766087848.2
1177426508777241.0 2152793411391248.8
1173360785539785.2 2139143173423842.8
1169295062302329.5 2125525425804741.8
1165229339064873.8 2111956698089358.2
1161231441131482.0 2098788731105497.2
1157233543198090.2 2085631978144697.2
1153235645264698.5 2072570052989322.2
1149304445542419.5 2059881003947669.8
1145373245820140.5 2047242329232443.5
1141442046097861.5 2034618764169724.5
1137576403227848.2 2022329227521770.8
1133710760357835.0 2010051978421631.0
1129845117487821.8 1997787926363736.2
1126043975711057.0 1985870778798331.0
1122242833934292.2 1973955476740674.5
1118441692157527.5 1962042261407801.2
1114703938649501.0 1950439837291874.0
1110966185141474.5 1938823249384422.8
1107228431633448.0 1927185054099448.2
1103490678125421.5 1915530717029923.2
1099815271394920.8 1904033826809660.8
1096139864664420.0 1892468732532095.5
1092464457933919.2 1880871027553113.0
1088850370756900.4 1869382295152084.8
1085236283579881.5 1857831308947492.8
1081622196402862.6 1846241923381075.0
1078068387288749.2 1834820835147197.5
1074514578174635.9 1823317666844458.5
1070960769060522.5 1811820874303093.8
1067466239318971.4 1800541707307168.2
1063971709577420.2 1789239914967439.0
1060477179835869.1 1777947690253622.5
1057040945044977.9 1766944871768217.0
1053604710254086.6 1755938580375183.0
1050168475463195.4 1745000340269470.5
1046789551199789.4 1734359200512421.8
1043410626936383.4 1723722837882257.5
1040031702672977.4 1713161723556142.8
1036709147314751.2 1702919953384165.8
1033386591956525.1 1692670190364246.5
1030064036598299.0 1682416834195291.8
1026796894257687.4 1672327210680211.8
1023529751917075.8 1662230629303858.0
1020262609576464.1 1652125318551780.2
1017049967164862.4 1641922782749841.0
1013837324753260.6 1631714862290302.5
1010624682341658.9 1621508683401683.8
1007412039930057.1 1610721194975175.8
1004252998625392.9 1600105341418281.2
1001093957320728.6 1589513143234546.8
997934916016064.4 1578189680145175.5
994828548466381.8 1567005947143698.2
991722180916699.1 1555857469245530.8
988667645366691.2 1543830185411449.8
985613109816683.4 1531737419511412.8
982558574266675.5 1519217996265336.0
979554986163347.0 1506398475747454.5
976551398060018.5 1493502478891994.0
973597915650607.4 1480393321169733.0
970644433241196.2 1467171250051840.2
967690950831785.1 1454007094510754.8
964786718096996.9 1440575433969551.8
961882485362208.6 1426786919707104.8
959026703348878.0 1412320681986766.8
956170921335547.4 1396919502667285.2
953362791092417.6 1382680002477673.2
950554660849287.9 1367637353369553.0
947793354891719.8 1352364521466893.2
945032048934151.6 1336516030656530.2
942316796842998.9 1321558188348089.5
939601544751846.1 1305508031834553.0
936931604642935.5 1285421368116905.2
