623698206998363.5 4576516484435590.0
615993800279323.9 4491555739649757.5
608417910671959.1 4404903619195174.0
600968369590833.2 4311535901210777.0
593765305151791.9 4216377993047883.5
586682368828596.1 4129366811276404.0
579717591774896.6 4040242449760390.0
572868976612551.6 3949285347355159.5
566246921365552.6 3851843603791591.5
559735349741738.6 3754106561162374.5
553439209775444.56 3656485331766197.5
547248074908342.25 3553739124751397.0
541261757052637.94 3446793539827268.5
535473493649352.75 3336085532691086.5
529876721882411.44 3226561146151936.0
524465107204072.8 3111225845279795.0
519232514805046.06 2993000448038838.0
514173038149463.94 2865853427262549.0
509280941904300.1 2739061701925266.0
504629586968830.75 2628205282296960.5
500132115863339.8 2520995599280642.5
495855954418171.5 2418703494664550.5
491721293049596.8 2327645882959969.0
487723395116205.0 2242175443220777.0
483922253339440.25 2164985919679615.0
480246846608939.56 2092236138259011.0
476693037494826.1 2026322861539370.0
473198507753274.94 1966539131888135.5
469819583489869.0 1911810549528166.5
466552441149257.4 1861868175838628.5
463339798737655.6 1815826212588204.5
460233431187973.0 1774447072505822.5
457178895637965.06 1735741382395668.2
454175307534636.56 1699744520484205.8
451221825125225.44 1665877013301261.2
448366043111894.75 1635011184400469.2
445557912868765.06 1606127795070958.0
442796606911197.0 1578941390468138.5
440081354820044.2 1553318256799148.5
437366102728891.4 1528834460934132.2
434696162619980.7 1505679985129286.2
432070749809542.06 1483471625169765.2
429489122413402.4 1462158980831962.0
426950567081407.25 1442091030908460.8
424454356196870.25 1423310390929968.5
421958145312333.25 1405236160956584.0
419503565525418.2 1387675105526961.8
417089932020307.75 1371151175288259.8
414716559980866.56 1355610121274324.2
412343187941425.4 1340161596536951.0
410009406819322.8 1325537320455133.0
407675625697220.25 1311606187286621.2
405380764943171.3 1297959738854314.5
403124196809078.4 1285012594215899.5
400867628674985.44 1272194982220701.5
398648682612836.06 1259988477506787.5
396429736550686.7 1247900898337965.0
394247813346083.94 1236257652625377.5
392065890141481.2 1224920948526766.8
389920376312541.75 1213810821061755.5
387810629846544.4 1203141711488865.0
385700883380547.0 1192485874592501.2
383626333596159.44 1182213987842049.0
381551783811771.9 1171944278894617.5
379511845762083.94 1161977663976496.5
377471907712396.0 1152056176968306.8
375465996450815.6 1142404797768082.8
373460085189235.25 1132787051590247.8
371454173927654.9 1123222937007369.4
369481718774440.4 1113837971553297.0
367509263621225.9 1104495459340099.5
365569708163485.94 1095382795576133.2
363630152705746.0 1086298822771813.4
361722954797439.7 1077370382648662.1
359815756889133.4 1068437942437225.9
357940367250953.7 1059667917822000.6
356064977612774.0 1050953317848419.0
354220868365848.56 1042403655217394.5
352376759118923.1 1033855605340811.1
350563416650911.8 1025383271927297.6
348750074182900.5 1016921674752214.1
346966977749151.4 1008580197541066.8
345183881315402.25 1000316415853109.6
343430524437159.44 992060828568490.5
341677167558916.6 983819284888052.0
339953065157858.9 975578232699109.4
338228962756801.1 967448412898730.1
336533608355445.06 959347918638169.1
334838253954089.0 951245358435883.8
333142899552732.94 943029265840197.4
331475829473191.94 934946379427027.8
329808759393650.94 926817985513250.5
328169502824454.25 918867052599483.9
326530246255257.56 910815185184539.6
324918325252940.56 902893522622919.9
323306404250623.56 895001843645151.4
321721376537734.4 887256374755160.2
320136348824845.2 879470470627547.5
318577750724451.56 871791293520883.9
317019152624057.94 864121164451508.1
315486563259142.56 856628348558030.2
313953973894227.2 849119584287781.5
312446943854708.25 841726786450997.0
310939913815189.3 834416973791131.9
309458022224685.7 827232592667373.4
307976130634182.06 820055164017248.8
306518956615994.6 813020878330755.8
305061782597807.2 806032183105218.8
303628919542723.3 799177364087722.6
302196056487639.44 792331182170160.9
300787090652862.4 785636568106217.2
299378124818085.3 778974747181905.6
297992663860934.75 772461288585991.5
296607202903784.2 765955758262081.4
295244847348631.8 759603264141794.8
293882491793479.44 753294737103724.9
292542863564654.4 747126899650878.6
291203235335829.3 740973404563485.1
289885949224712.7 734986150645235.9
288568663113596.06 729020873864448.1
287251377002479.44 723071351465423.6
285956069200091.8 717255661938009.2
284660761397704.2 711452528941495.5
283387060962595.2 705789476948295.1
282113360527486.2 700131205820037.2
280860903650994.44 694589397167600.4
279608446774502.7 689073233223176.6
278376876782187.2 683682579713772.1
277145306789871.7 678293409754763.4
275913736797556.2 672921305758460.6
274702718414138.3 667663893965527.8
273491700030720.44 662428648412327.9
272300876581918.28 657275953997861.5
271110053133116.12 652153843478831.0
269939089344446.28 647117830424200.8
268768125555776.44 642109064594215.8
267616700419446.78 637153366938596.6
266465275283117.12 632229440576703.1
265313850146787.47 627306626169914.2
264181628388791.72 622473662757687.6
263049406630795.97 617636491101475.4
261936074376767.25 612888974350405.0
260822742122738.53 608158298938987.8
259727978365520.94 603492758935728.1
258633214608303.34 598834063342565.8
257538450851085.75 594193026870749.1
256461948850214.75 589641136956188.4
255385446849343.75 585101614220644.8
254326899864513.88 580638333156473.9
253268352879684.0 576194931930762.9
252209805894854.12 571772953179194.0
251168921452133.06 567428150572108.4
250128037009412.0 563097503914487.5
249104508368971.44 558855504564516.6
248080979728530.88 554633051475903.5
247074528683448.06 550497482356699.44
246068077638365.25 546376013407719.44
245061626593282.44 542276826680720.56
244071960670420.34 538268959401658.06
243082294747558.25 534268670797501.6
242109139306945.25 530372880932011.9
241135983866332.25 526481025325804.44
240162828425719.25 522633610013150.44
239205905261227.78 518859970976166.3
238248982096736.3 515104469060623.5
237308020135345.97 511458996466174.7
236367058173955.62 507817503134945.6
235426096212565.28 504216683653465.94
234500827947888.66 500696875643404.75
233575559683212.03 497179972678231.1
232665728309556.22 493775637473963.5
231755896935900.4 490373885173375.9
230846065562244.6 486990290494317.7
229951407140014.38 483688766378376.75
229056748717784.16 480398301070820.06
228162090295553.94 477132607580868.7
227282358718955.6 473931417597084.0
226402627142357.25 470735835806200.7
225537569172330.97 467622866512758.7
224672511202304.7 464511185640496.9
223807453232278.4 461407092438371.56
222956822763030.53 458365964423187.75
222106192293782.66 455331365383672.4
221255561824534.78 452306033516491.44
220419123450807.03 449333108407636.5
219582685077079.28 446374796378127.8
218746246703351.53 443415219073307.4
217923757885983.3 440518408871471.44
217101269068615.1 437624433612451.0
216292501535773.38 434776403931147.1
215483734002931.66 431932085177878.4
214674966470089.94 429096586776268.94
213879688382990.44 426309863002284.56
213084410295890.94 423526227414221.06
212289132208791.44 420751281673871.3
211507118862234.22 418026364863266.8
210725105515677.0 415312068774680.7
209943092169119.78 412601041485982.94
209174125991489.1 409941808426034.2
208405159813858.4 407289387607294.56
207636193636227.72 404644765231154.9
206880053488956.66 402048173820239.44
206123913341685.6 399456370465279.3
205380385219950.53 396912745202607.44
204636857098215.47 394376830752618.75
203893328976480.4 391846995385253.1
203162202441931.78 389369142216180.1
202431075907383.16 386896065839496.94
201699949372834.53 384428948012331.4
200981017554073.9 382014865947905.9
200262085735313.28 379604983364859.06
199543153916552.66 377201000412447.4
198836217075606.84 374845335019182.75
198129280234661.03 372497626225437.25
197422343393715.22 370153432353550.9
196727198225977.9 367854430480473.8
196032053058240.6 365560739670629.5
195336907890503.28 363274434025662.25
194653358224554.8 361027393627161.4
193969808558606.34 358785760021157.8
193286258892657.88 356542496724935.2
192614108557555.78 354334669921805.94
191941958222453.7 352138279518675.94
191269807887351.6 349942446220258.25
190608871411893.5 347784806045876.7
189947934936435.4 345636808981933.2
189286998460977.3 343491212075208.56
188637086807566.38 341377312442969.0
187987175154155.44 339266878994026.1
187337263500744.5 337158246161476.94
186698191198416.94 335078886694744.3
186059118896089.38 333005039267845.8
185420046593761.8 330936442022338.94
184791635304979.1 328895182505912.1
184163224016196.38 326860977109767.7
183534812727413.66 324830192063968.1
182916884114796.25 322830963345668.3
182298955502178.84 320836354985034.5
181681026889561.44 318849526844959.75
181073406182362.9 316895792301862.25
180465785475164.38 314947168468033.75
179858164767965.84 313002960915988.2
179260677195519.25 311098095073017.06
178663189623072.66 309196639612510.56
178065702050626.06 307300438365729.6
177478179975689.72 305441650534922.4
176890657900753.38 303588592518730.75
176303135825817.03 301738799209145.3
175715613750880.7 299898958157825.25
175137896669558.53 298094631983759.44
174560179588236.38 296294752736960.4
173982462506914.22 294503427184429.2
173414379215490.5 292748020231268.0
172846295924066.78 290995894973455.94
172278212632643.06 289253206583981.2
171719602627380.8 287545867721218.44
171160992622118.56 285840996406864.56
170602382616856.3 284141010221342.25
170053096094076.8 282478975956555.5
169503809571297.3 280820090455380.16
168954523048517.8 279163466374285.88
168414395937930.5 277544859915378.03
167874268827343.2 275929848833421.06
167334141716755.88 274318789560275.84
166794014606168.56 272712750214256.34
166262897104333.28 271138488175777.34
165731779602498.0 269566876625885.2
165200662100662.72 268000643015205.8
164678400837347.22 266464167412738.53
164156139574031.72 264930700056599.47
163633878310716.22 263400702586818.47
163120334182459.1 261900449282232.56
162606790054201.97 260403249351767.78
162093245925944.84 258908969857248.78
161579701797687.72 257416625076212.28
161074719651258.25 255952192548636.4
160569737504828.78 254491643769911.66
160064755358399.3 253031899147262.1
159568199656969.2 251597067672991.25
159071643955539.06 250164716111943.47
158575088254108.94 248736405300182.38
158086812761268.7 247332203094434.28
157598537268428.44 245932404180700.44
157110261775588.2 244534225991367.03
156621986282747.94 243136375099731.3
156141857245224.38 241763792695276.53
155661728207700.8 240395651295656.72
155181599170177.25 239028990632495.2
154709477484747.56 237685499078563.2
154237355799317.88 236345128812688.8
153765234113888.2 235008197208718.75
153293112428458.5 233671465575641.5
152828867908800.62 232359173992118.03
152364623389142.75 231049797276651.38
151900378869484.88 229741246656841.84
151443875979247.66 228454971495153.34
150987373089010.44 227172150050785.28
150530870198773.22 225892927056966.72
150074367308536.0 224608759241905.6
149625481211267.47 223348287641991.56
149176595113998.94 222090716825038.4
148727709016730.4 220833630527759.84
148286309526267.56 219595329332126.53
147844910035804.75 218360755195398.16
147403510545341.94 217128264676304.3
146962111054879.12 215887858647822.53
146528073335008.62 214670270875005.1
146094035615138.12 213457082896974.1
145659997895267.62 212242152589880.34
145233200676329.62 211042020389914.78
144806403457391.62 209844952674240.1
144379606238453.62 208652144941719.94
143952809019515.62 207451050907622.44
143533132815484.94 206272978763709.53
143113456611454.25 205097315940992.12
142693780407423.56 203918608412450.53
142281102165562.4 202755484542964.84
141868423923701.25 201596814682892.34
141455745681840.1 200442441565098.88
141049953049389.4 199297749964510.84
140644160416938.73 198154170181608.12
140238367784488.06 197013879710260.0
139832575152037.39 195872998441708.5
139433550426447.6 194746140073534.28
139034525700857.8 193623848106303.78
138635500975268.0 192503791390055.38
138236476249678.2 191373917494377.8
137844107078190.25 190265154388486.9
137451737906702.3 189160344532765.94
137059368735214.34 188055734876298.34
136673544548624.3 186963891544650.62
136287720362034.25 185873996653784.8
135901896175444.2 184786590044524.34
135516071988854.16 183692280440766.97
135136684001433.69 182619856346396.7
134757296014013.22 181551038858254.5
134377908026592.75 180482811635010.53
134004847452374.92 179426859174123.16
133631786878157.1 178372881845954.84
133258726303939.27 177321669465082.72
132885665729721.44 176264801047954.2
132518829132927.53 175228871881122.94
132151992536133.62 174194776644986.34
131785155939339.72 173159917434068.0
131424438100953.98 172139823060738.78
131063720262568.25 171123037641691.72
130703002424182.52 170110044057856.6
130342284585796.78 169094420657176.97
129987583853436.58 168096953860199.6
129632883121076.38 167100947822398.97
129278182388716.17 166106022476710.78
128929397110078.31 165128257813125.5
128580611831440.45 164153500413988.9
128231826552802.6 163181014947347.62
127883041274164.73 162206278723785.97
127540075146975.25 161249559319385.84
127197109019785.77 160295499492654.03
126854142892596.28 159343483336665.44
126516897831224.84 158405926224409.12
126179652769853.4 157470367318284.3
125842407708481.97 156535844660892.6
125505162647110.53 155602171236771.03
125173542349362.67 154685361851038.47
124841922051614.81 153770869191099.44
124510301753866.95 152858457926214.03
124178681456119.1 151946706286636.53
123852591403196.39 151051387449200.9
123526501350273.69 150157806205373.97
123200411297350.98 149265719234931.0
122879762320404.61 148389559279580.38
122559113343458.23 147515226872150.75
122238464366511.86 146642856391091.9
121917815389565.48 145771641191295.78
121602514753153.34 144916067803242.56
121287214116741.2 144062020437606.38
120971913480329.06 143209678652269.7
120656612843916.92 142358746386346.5
120346571379309.48 141523694285928.66
120036529914702.05 140690198342808.9
119726488450094.61 139858041610170.06
119421618771958.42 139040305176253.3
119116749093822.23 138224061042123.67
118811879415686.05 137409469856997.97
118507009737549.86 136596369527086.92
118207226243867.98 135798228360297.98
117907442750186.11 135001332272716.3
117607659256504.23 134205300457129.88
117307875762822.36 133410832940699.89
117013091068301.12 132631133497567.95
116718306373779.89 131852716992708.97
116423521679258.66 131075801220007.52
116128736984737.42 130300952987802.27
115838870837428.78 129540646452205.36
115549004690120.14 128781284410851.36
115259138542811.5 128022590671349.28
114974107124174.14 127277990241564.88
114689075705536.78 126534557020923.1
114404044286899.42 125792174253432.72
114119012868262.06 125050612721263.38
113838734143110.94 124321890626553.02
113558455417959.81 123593782185130.95
113278176692808.69 122866506638816.28
112997897967657.56 122140065659028.95
112722297034073.78 121426397981156.92
112446696100490.0 120713866716391.73
112171095166906.22 120002486610784.22
111895494233322.44 119291810938402.4
111624489056280.03 118593108724807.47
111353483879237.62 117895680862638.52
111082478702195.22 117199382007898.86
110811473525152.81 116503573368966.2
110544989202772.64 115819779739521.5
110278504880392.47 115136794260080.9
110012020558012.3 114454488929842.1
109745536235632.12 113772074323857.58
109483497866194.12 113101086969681.22
109221459496756.12 112430570168517.6
108959421127318.12 111760330177576.47
108697382757880.12 111090169808050.45
108439713656387.45 110431389674524.42
108182044554894.78 109772961736544.72
107924375453402.11 109114727215842.02
107666706351909.44 108456872720316.31
107413336074933.36 107810451847455.44
107159965797957.28 107164424392006.25
106906595520981.2 106518719377930.42
106653225244005.12 105873360996306.95
106404081564959.42 105239120922898.06
106154937885913.72 104604993565613.81
105905794206868.02 103971174568478.55
105656650527822.31 103337773324597.36
105411662111659.75 102715425202475.44
105166673695497.19 102093260153428.5
104921685279334.62 101471172739213.03
104676696863172.06 100849206908324.4
104435795050019.02 100237770067568.56
104194893236865.97 99625873296925.52
103953991423712.92 99013316235648.9
103713089610559.88 98400184715665.12
103476206632161.23 97797079879295.42
103239323653762.6 97193539065758.92
103002440675363.95 96589844723481.36
102765557696965.31 95985820407840.47
102532625785065.97 95391579184453.22
102299693873166.62 94796437060502.62
102066761961267.28 94200649294552.52
101833830049367.94 93604762100571.25
101604784110806.88 93019300552247.28
101375738172245.81 92433641999872.9
101146692233684.75 91847767622414.66
100917646295123.69 91261940727110.31
100692420345041.84 90686209308835.06
100467194394960.0 90109642892833.47
100241968444878.16 89532058963279.11
100016742494796.31 88953410078984.86
99795273223428.73 88384572867375.72
99573803952061.16 87814190671013.34
99352334680693.58 87242203214289.48
99130865409326.0 86668548205568.45
98909396137958.42 86095480745516.33
98691621127118.9 85529885181786.84
98473846116279.39 84961643596716.16
98256071105439.88 84390268392037.05
98038296094600.36 83818979440211.16
97824153817920.0 83256112634149.88
97610011541239.64 82690550074858.31
97395869264559.28 82122785632916.86
97181726987878.92 81555933843432.19
96971156810607.34 80996127943066.33
96760586633335.77 80434554506844.47
96550016456064.19 79869099219599.27
96339446278792.61 79300633286503.02
96132388457877.44 78736138289217.62
95925330636962.27 78168221356019.67
95718272816047.1 77599708603348.75
95511214995131.92 77039855762624.44
95307611570877.11 76535741385325.89
95104008146622.3 76076058969706.56
94900404722367.48 75620177407612.56
94696801298112.67 75168193990235.47
94496593419163.89 74719548132988.92
94296385540215.11 74267288477778.1
94096177661266.33 73813470556725.39
93895969782317.55 73358847243054.98
93695761903368.77 72906270832917.48
93498893393465.78 72459590745778.92
93302024883562.8 72010700687675.53
93105156373659.81 71560165467623.55
92908287863756.83 71107508179641.81
92714703438257.92 70662015561913.17
92521119012759.02 70214498878192.51
92327534587260.11 69765001621086.336
92133950161761.2 69314438427957.71
91940365736262.3 68865157640015.91
91750011002184.0 68424391091087.8
91559656268105.7 67982630281122.336
91369301534027.4 67540145226296.01
91178946799949.11 67095770562958.5
90988592065870.81 66651697095392.914
90801411738690.69 66211714057199.516
90614231411510.56 65769466159138.984
90427051084330.44 65323268330264.99
90239870757150.31 64874118021868.08
90055813118979.0 64432328304467.41
89871755480807.69 63986134967822.73
89687697842636.38 63535639110518.67
89503640204465.06 63081947766566.6
89319582566293.75 62624949986396.66
89138595007543.84 62169574712284.445
88957607448793.94 61708048600353.945
88776619890044.03 61239895768268.305
88595632331294.12 60765710144090.45
88417663134155.8 60296221362337.49
88239693937017.47 59817452523102.555
88061724739879.14 59326103678221.77
87883755542740.81 58832395009700.484
87708755664339.27 58342882071240.49
87533755785937.72 57843808442096.375
87358755907536.17 57324240215358.31
87183756029134.62 56797682399835.19
87008756150733.08 56275409333462.3
86836675656614.77 55750381989570.195
86664595162496.45 55211714926500.625
86492514668378.14 54648052610892.63
86320434174259.83 54131050632316.48
86151223129971.2 53620701918526.99
85982012085682.58 53044861942534.74
85812801041393.95 52485836566422.18
85646413079134.44 51966259007742.18
85480025116874.92 51423843232890.45
85313637154615.4 50881427458038.73
85147249192355.89 50310570635552.13
84983637052706.39 49659770513120.125
84820024913056.89 49005321296690.67
