3.748361167398689e-08
3.578680747603942e-08
3.446931843416055e-08
3.483880441152509e-08
3.45715311376993e-08
3.481750260133557e-08
3.473566631754694e-08
3.54104005418695e-08
3.54355703349025e-08
3.5833065397667574e-08
3.6021640812375404e-08
3.6122764340484636e-08
3.662449579096719e-08
3.686745747767319e-08
3.6910553534290574e-08
3.722554157734248e-08
3.752169071074256e-08
3.7746355943871084e-08
3.78672184298181e-08
3.81251973678781e-08
3.8189943692136216e-08
3.791908866581392e-08
3.8034496082950745e-08
3.807854016832007e-08
3.821500846743443e-08
3.900812843090651e-08
3.935056008156787e-08
3.914526093388894e-08
3.8544808206059595e-08
3.727384193699562e-08
3.7131808339482947e-08
3.7423586412847834e-08
3.817140078748148e-08
3.8316757488805625e-08
3.813198826421475e-08
3.821719378877519e-08
3.738964122072403e-08
3.7183568927914825e-08
3.7653243021716166e-08
3.776871549612015e-08
3.738207931438471e-08
3.639201315229957e-08
3.5523393974230286e-08
3.5606014494970697e-08
3.496307746754246e-08
3.6049981209414615e-08
3.551449607113908e-08
3.434427185905563e-08
3.614780493603108e-08
3.6126344052277834e-08
3.654237426995003e-08
3.576501379925137e-08
3.763788522551671e-08
3.8394887516762964e-08
3.493898612821386e-08
3.541633988633493e-08
3.60803973248731e-08
3.628637378894531e-08
3.723087851609617e-08
3.782655886485281e-08
3.6702248007611934e-08
3.590011695784132e-08
3.465693528292266e-08
3.554189583580182e-08
3.5763653341004996e-08
3.54374683811699e-08
3.555797911386626e-08
3.5811397710354976e-08
3.632505557149491e-08
3.743879037506224e-08
3.625478168766804e-08
3.577682496945805e-08
3.5621655143162424e-08
3.507851353363237e-08
3.57175720699357e-08
3.598457067925588e-08
3.608041425334033e-08
3.5702022800828456e-08
3.583674860579265e-08
3.590410728928037e-08
3.7030106898631066e-08
3.655844511052745e-08
3.543881747710177e-08
3.455004032155375e-08
3.411050822288408e-08
3.452637846673097e-08
3.512409534669674e-08
3.593857072839466e-08
3.610190626128127e-08
3.6196311050466427e-08
3.6429594922900595e-08
3.6315949958832574e-08
3.623214429881935e-08
3.4572904697883e-08
3.387145977249231e-08
3.55806386766806e-08
3.6760685981522036e-08
3.585535076389682e-08
3.522905904720044e-08
3.582760695515724e-08
3.627962512861241e-08
3.68625823336384e-08
3.6381746865249495e-08
3.505196428523842e-08
3.502864967259134e-08
3.552559636444845e-08
3.5909987925380214e-08
3.6916384961321906e-08
3.837031600076705e-08
3.8696373935053303e-08
3.735069721915818e-08
3.6406448560226565e-08
3.613137229800085e-08
3.679033185161485e-08
3.703123004875781e-08
3.7075169458598994e-08
3.6454509131090806e-08
3.670792053012999e-08
3.7369502424916655e-08
3.754639896437541e-08
3.536706241881322e-08
3.437868219391592e-08
3.582616284294204e-08
3.668304244932674e-08
3.801913272290137e-08
3.816116576729532e-08
3.7363914316537736e-08
3.7095439275610194e-08
3.7037371827750545e-08
3.612349590210653e-08
3.5610460288220695e-08
3.5656561039944726e-08
3.544885454382603e-08
3.617047566849891e-08
3.6712467046520206e-08
3.813225417184723e-08
3.9476974851250644e-08
3.8698856297833766e-08
3.746647990470863e-08
3.6236824339272806e-08
3.694885663428976e-08
3.744858536873111e-08
3.778887809361841e-08
3.7531291261923575e-08
3.685796057975792e-08
3.712917249141626e-08
3.805876091240214e-08
3.831803003048981e-08
3.780116891375459e-08
3.57796658651237e-08
3.647655570727635e-08
3.686967155983756e-08
3.761404630352937e-08
3.757604397847353e-08
3.758875603199485e-08
3.688893049586709e-08
3.644064803470564e-08
3.586245863775301e-08
3.5127219655377325e-08
3.5178019085863725e-08
3.529572780291924e-08
3.4446808624264634e-08
3.650386488357867e-08
3.685982874219119e-08
3.412294862036692e-08
3.40177067189125e-08
3.714014905903627e-08
3.8217135466758734e-08
3.5105587947025214e-08
3.41510389406469e-08
3.7099151217002964e-08
3.7713668181581195e-08
3.428571296589648e-08
3.5610864640314004e-08
3.705402266529038e-08
3.705277407706258e-08
3.4228754299952805e-08
3.532705576888643e-08
3.585782109829537e-08
3.5213191754825527e-08
3.5953442224214624e-08
3.5667799188272353e-08
3.507107449338398e-08
3.34519042907088e-08
3.380285896089101e-08
3.5274868381596457e-08
3.56505841063709e-08
3.462579796732496e-08
3.522356547640042e-08
3.5594142852760227e-08
3.663556014630875e-08
3.7369695326553815e-08
3.7110208092455545e-08
3.879059346250867e-08
3.6783956384855686e-08
3.6007376631696665e-08
3.741700590375419e-08
3.735533183134848e-08
3.619902884180101e-08
3.7002076629278035e-08
3.690828510357813e-08
3.748361167398689e-08
3.578680747603942e-08
3.446931843416055e-08
3.483880441152509e-08
3.45715311376993e-08
3.481750260133557e-08
3.473566631754694e-08
3.54104005418695e-08
3.54355703349025e-08
3.5833065397667574e-08
3.6021640812375404e-08
3.6122764340484636e-08
3.662449579096719e-08
3.686745747767319e-08
3.6910553534290574e-08
3.722554157734248e-08
3.752169071074256e-08
3.7746355943871084e-08
3.78672184298181e-08
3.81251973678781e-08
3.8189943692136216e-08
3.791908866581392e-08
