7.319492997201008e-10
2.4943753630859067e-09
1.0876768610002578e-09
1.119653386887394e-09
1.3120475795973099e-09
1.6763387368472015e-09
1.8505141454434207e-09
2.163370459247926e-09
2.540072679358347e-09
2.8341835974077944e-09
2.7208173665671717e-09
3.397167913687236e-09
3.097958125262345e-09
3.6254375019878456e-09
3.300695643771629e-09
3.786671874117196e-09
3.460635215554538e-09
3.456404168124743e-09
3.5238123478446407e-09
2.769803999488386e-09
3.1782065407341073e-09
3.1201039106119853e-09
2.63233726207437e-09
3.197388486734405e-09
3.004623260328663e-09
2.9550233854120605e-09
3.3302315272707142e-09
3.023795184653141e-09
3.1424547492429266e-09
3.5693584433623153e-09
2.9625316485972103e-09
2.8496339374740534e-09
3.247799803975015e-09
3.502530956346805e-09
3.504266202319524e-09
3.36004661646919e-09
3.29604877609949e-09
3.0906485707304405e-09
3.4781749037415084e-09
3.621907373387177e-09
3.38643925478381e-09
3.536313960208459e-09
3.686061332831127e-09
3.635765527800195e-09
3.2960537204372514e-09
3.363604793488066e-09
3.5057630294134443e-09
3.4736528560816738e-09
3.6294167331723065e-09
3.6845231456912768e-09
3.6970755764185743e-09
3.6378965679235838e-09
3.6051369429222064e-09
3.580358779288513e-09
3.51346130297028e-09
3.387655787945509e-09
3.5027763736494745e-09
3.5312397328799465e-09
3.5678308111676566e-09
3.656360364007403e-09
3.6173403408320044e-09
3.6783832495603246e-09
3.616051119702396e-09
3.5619727993642856e-09
3.5424159006280673e-09
3.5536950697149126e-09
3.556634085346727e-09
3.429848298104267e-09
3.466070706649511e-09
3.541036056416183e-09
3.4553084873295345e-09
3.585900606594249e-09
3.554753047695044e-09
3.514733312429681e-09
3.498760032177616e-09
3.523162206720165e-09
3.5184947771324995e-09
3.529795509235553e-09
3.5431792975511483e-09
3.562809523968129e-09
3.555178514529289e-09
3.5787356831001184e-09
3.58620801176943e-09
3.6009632418383277e-09
3.5915973337496083e-09
3.596275039790459e-09
3.6489657825757166e-09
3.5421220290701443e-09
3.574572498670918e-09
3.584795422223974e-09
3.497264159544513e-09
3.517157740807512e-09
3.475931779138653e-09
3.5250333033370228e-09
3.5102378906591037e-09
3.513232866910283e-09
3.5419852161985297e-09
3.593815292120758e-09
3.5428355532072187e-09
3.5558357004008884e-09
3.610925987064334e-09
3.5910779474311817e-09
3.582066403402896e-09
3.624097945427857e-09
3.6321453867028325e-09
3.634410809415297e-09
3.6114324183627633e-09
3.6247241093693775e-09
3.6285398719674586e-09
3.6431337164494e-09
3.6222218543470948e-09
3.6219425162824614e-09
3.6460011375916613e-09
3.64472573836699e-09
3.670703150737691e-09
3.6013013541257275e-09
3.6205513653034033e-09
3.6659453765013546e-09
3.585290800146281e-09
3.6361882672414093e-09
3.673260514654687e-09
3.6058628164796115e-09
3.6443146722509343e-09
3.6041890070946576e-09
3.6125400695184875e-09
3.6022298238916977e-09
3.6369302277015887e-09
3.578128713739549e-09
3.5809390889736667e-09
3.5805830247132005e-09
3.582221098956443e-09
3.573626976731864e-09
3.646612250273127e-09
3.6041809180231966e-09
3.5987652079419183e-09
3.5706472788036993e-09
3.642059897791679e-09
3.6450084711002433e-09
3.6455720092240962e-09
3.615033168134314e-09
3.6527137528132142e-09
3.662940915809172e-09
3.644877980818302e-09
3.678140773461428e-09
3.641985297239708e-09
3.656340393006035e-09
3.7089960637625834e-09
3.6937058344168205e-09
3.701369148736834e-09
3.6726118719504026e-09
3.691501290492283e-09
3.690564490985962e-09
3.736185025390397e-09
3.6805349490280366e-09
3.6735976707454465e-09
3.6748014443427023e-09
3.7215765897408573e-09
3.6318087192367813e-09
3.7014308620313403e-09
3.6961220383261143e-09
3.664001263634395e-09
3.6656092785786074e-09
3.682557644337739e-09
3.680638452383124e-09
3.677288904939403e-09
3.6643881914181023e-09
3.6841824845257126e-09
3.703979623321618e-09
3.6787329697766132e-09
3.6887189554462623e-09
3.658596219002789e-09
3.6834909321589305e-09
3.674852910898941e-09
3.706154614579245e-09
3.6511056177226458e-09
3.6698906047967e-09
3.74672664624463e-09
3.685964814637879e-09
3.669867637540909e-09
3.6836554907121703e-09
3.7004353325521005e-09
3.673322371267993e-09
3.730153682549021e-09
3.7000383548626146e-09
3.716070189633559e-09
3.75509896867608e-09
3.741895979413417e-09
3.6949651474349806e-09
3.7116866139039906e-09
3.713425588091335e-09
3.6842053673796216e-09
3.696195090612939e-09
3.6773072862045162e-09
3.6587648420004812e-09
3.686377612858584e-09
3.7053062055475884e-09
3.6845269552538515e-09
3.610815100157181e-09
3.776970645497675e-09
3.693805589204154e-09
3.6379568796352145e-09
3.6954904938125205e-09
3.723573263337101e-09
3.5804280466791697e-09
3.733766709246421e-09
3.718440684947075e-09
3.728547736977498e-09
3.7185837381999176e-09
3.7229793842721158e-09
3.785495300268954e-09
3.768875606025856e-09
3.737654027616327e-09
3.808832559225964e-09
3.776312322059033e-09
3.7115321127397e-09
3.6257861822275193e-09
3.769057471088411e-09
3.747446668360538e-09
3.75413852374697e-09
3.723021411698367e-09
3.7196365911228043e-09
3.723462447455006e-09
3.79496653696611e-09
3.7217657806970278e-09
3.648849346494837e-09
3.7496710258180074e-09
3.75612095273909e-09
3.69259166839669e-09
3.7339196156342485e-09
3.6557062436374955e-09
3.800291672866938e-09
3.7148341136544794e-09
3.6511424488689168e-09
3.77243163079354e-09
3.6239113814051736e-09
3.746333178827266e-09
3.73136734430397e-09
3.701155065290744e-09
3.732405040578823e-09
3.734750681435194e-09
3.7192703076565833e-09
3.747037281106582e-09
3.730663369175679e-09
3.7171975205367278e-09
3.727817673474898e-09
3.7075878817992254e-09
3.704330170295283e-09
3.7239231868604964e-09
3.731689407461062e-09
3.7524078244570585e-09
3.7337902298683056e-09
3.7679449724914735e-09
3.754123481314706e-09
3.744862136668492e-09
3.77162601603703e-09
3.7629076892671875e-09
3.746067911402206e-09
3.755731538744502e-09
3.858924628196658e-09
3.74581863947784e-09
3.77939231626479e-09
3.766331656546165e-09
3.735565834961907e-09
3.769941639508955e-09
3.786876059218841e-09
3.6980308156084967e-09
3.7384667133226206e-09
3.746331118347163e-09
3.7246584318277793e-09
3.800728638011962e-09
3.7035378405365186e-09
3.635110532875098e-09
3.791476546394369e-09
3.6911513664094883e-09
3.730136495230981e-09
3.6980433759838714e-09
3.6799296435778363e-09
3.785581969053458e-09
3.7194664655217413e-09
3.725299999810527e-09
3.731205797377413e-09
3.737437613418988e-09
3.79402063658226e-09
3.751538588793878e-09
3.741596276013731e-09
3.776033992735682e-09
3.780169259512416e-09
3.834249564950301e-09
3.805821438537229e-09
3.749884912365279e-09
3.724670676410201e-09
3.837918253511803e-09
3.766279705487665e-09
3.7100363178422323e-09
3.809130223283963e-09
3.749826006843677e-09
3.8050845168699305e-09
3.797167259504637e-09
3.7588561080868e-09
3.760375669622913e-09
3.729211527508083e-09
3.775134235004785e-09
3.76588091237636e-09
3.744930362888078e-09
3.705800238846894e-09
3.764199248421866e-09
3.726138064194601e-09
3.8024183284158776e-09
3.7680489873705064e-09
3.760547509829796e-09
3.777196450219078e-09
3.833902657466081e-09
3.677116496122207e-09
3.8451628993605725e-09
3.817087102701942e-09
3.856109653181335e-09

