300348151330104.6 1656481626090568.2
297540021086974.94 1630272932549470.2
294778715129406.9 1603614991747295.5
292063463038254.06 1576341331783553.8
289393522929343.4 1549875575304841.2
286768110118904.75 1522338599398573.5
284186482722765.06 1494916761705207.5
281647927390769.94 1468439799720073.8
279151716506232.97 1441604478312416.2
276697136719317.9 1414857382438213.8
274283503214207.47 1389107267755826.0
271910131174766.28 1363309679336590.8
269576350052663.72 1337791400488996.2
267281489298614.78 1313082523276654.8
265062543236465.38 1289150625087117.8
262880620031862.62 1266129084486649.2
260735106202923.2 1243464400249148.0
258625359736925.78 1221348697332464.2
256550809952538.22 1200177015182110.5
254510871902850.28 1179548699692954.0
252504960641269.9 1159801672193854.8
250532505488055.38 1140561419961842.5
248592950030315.44 1121995857959971.9
246685752122009.12 1103939192119371.4
244810362483829.47 1086388280556165.8
242966253236904.03 1069318934523534.6
241122143989978.6 1052373820875823.8
239308801521967.28 1035831982011809.6
237525705088218.16 1019652888309935.1
235772348209975.34 1003829864608090.8
234048245808917.62 988347931520088.0
232352891407561.56 973265259358194.6
230685821328020.56 958610442633025.0
229046564758823.88 944303489487705.5
227434643756506.88 930369697141633.2
225849616043617.72 916725128690862.2
224264588330728.56 903074400687921.4
222705990230334.94 889637028305244.9
221173400865419.6 876410158572864.4
219666370825900.66 863370294040601.9
218184479235397.03 850563064670300.4
216727305217209.6 838099295253550.8
215294442162125.75 825984981997489.1
213861579107041.9 814012221747164.5
212452613272264.84 802336138618191.1
211067152315114.28 791040558523539.1
209704796759961.88 780186889239998.5
208365168531136.8 769704115963192.6
207025540302311.75 759291222687304.5
205708254191195.16 749155997557744.4
204412946388807.56 739187315678336.9
203139245953698.56 729386909906835.1
201886789077206.8 719732966946513.9
200634332200715.06 710065388782656.0
199402762208399.56 700608175829404.5
198191743824981.7 691319062824868.1
197000920376179.53 682211690534461.4
195810096927377.38 673168371534866.8
194639133138707.53 664233784307148.2
193487708002377.88 655532262443498.4
192355486244382.12 646898799996226.4
191223264486386.38 638288403062225.1
190109932232357.66 629885794692050.6
189015168475140.06 621585479505639.4
187938666474269.06 613518732207647.0
186862164473398.06 605458661313195.0
185803617488568.2 597601429395712.0
184762733045847.12 589917643568353.2
183739204405406.56 582405870248276.9
182715675764966.0 574949163641515.4
181709224719883.2 567609839203556.5
180719558797021.1 560494772539676.8
179729892874159.0 553343267685291.8
178756737433546.0 546399548837552.8
177799814269054.53 539559176372351.75
176858852307664.2 532870465812137.2
175917890346273.84 526205314241387.2
174992622081597.22 519649022673943.8
174082790707941.4 513243347992222.4
173172959334285.6 506787434237048.8
172278300912055.38 500529750288172.0
171398569335457.03 494298252570841.6
170518837758858.7 488096215778409.7
169653779788832.4 481982600735552.8
168803149319584.53 476050877645301.5
167966710945856.78 470191590497544.4
167130272572129.03 464424288776329.5
166307783754760.8 458727798654492.25
165499016221919.1 453175967284183.94
164690248689077.38 447604646552352.25
163894970601977.88 442168759651543.6
163112957255420.66 436764874482794.1
162330943908863.44 431407852192672.5
161561977731232.75 426115374076936.9
160805837583961.7 420902941325121.9
160049697436690.62 415681525292256.5
159306169314955.56 410530823905120.9
158575042780406.94 405454118219202.6
157843916245858.3 400405851144779.25
157124984427097.7 395446677387814.1
156418047586151.88 390584458189919.25
155711110745206.06 385732557345186.56
155015965577468.75 380940945375514.6
154332415911520.28 376254918602694.06
153648866245571.8 371603297150581.56
152976715910469.72 367057101646025.75
152315779435011.62 362612264791646.9
151654842959553.53 358190228199451.56
151004931306142.6 353854016843823.6
150365859003815.03 349629253346153.6
149726786701487.47 345483393679116.25
149098375412704.75 341419201001857.1
148480446800087.34 337531698471642.94
147862518187469.94 333672323619019.75
147254897480271.4 329965588555474.2
146647276773072.88 326333179174340.0
146049789200626.28 322791540173830.9
145462267125689.94 319375562077063.9
144874745050753.6 315965606970217.0
144297027969431.44 312644341804500.06
143719310888109.28 309328799946319.1
143151227596685.56 306101684927920.44
142583144305261.84 302858463687762.4
142024534299999.6 299703565812194.25
141475247777220.1 296575563285820.7
140925961254440.6 293474846495785.6
140385834143853.28 290399164752476.6
139845707033265.97 287339395978708.75
139314589531430.69 284314200587223.2
138783472029595.4 281267885707239.56
138261210766279.89 278243927106614.34
137738949502964.38 275137573462139.5
137225405374707.25 272054913419923.0
136720423228277.78 268950793133801.03
136215441081848.31 265844548389953.0
135718885380418.19 262782180914842.56
135222329678988.06 259721188361492.0
134734054186147.83 256736916667010.34
134253925148624.28 253804120377281.88
133773796111100.73 250892037887844.16
133301674425671.03 248005263610649.3
132829552740241.33 245071549439442.94
132365308220583.45 242109622710945.8
131908805330346.22 238968166996503.53
131452302440108.98 235691950669799.53
131003416342840.45 232293167416002.16
130562016852377.62 228859748009058.0
130120617361914.8 225376580840684.88
129686579642044.3 221826745867923.03
129259782423106.31 218156558603866.72
128840106219075.62 214419957064839.8
128420430015044.94 210665289235517.28
128007751773183.78 206946965847853.22
127601959140733.11 203418228582729.1
127202934415143.31 200155914277328.34
126810565243655.36 197237563037699.4
126418196072167.4 194469043125319.53
126032371885577.36 191965605375217.53
125646547698987.31 189646772442251.6
125267159711566.84 187406244461192.75
124894099137349.02 185265795784049.3
124521038563131.19 183080229964346.06
124154201966337.28 180902673382370.0
123787365369543.38 178635093614024.5
123426647531157.64 176294010849902.16
123065929692771.9 173851702740169.44
122711228960411.7 171335699694476.25
122362443681773.84 168773890771229.84
122013658403135.98 166061639560795.72
121670692275946.5 163212805506456.03
121333447214575.06 160211386902307.66
120996202153203.62 157000765793732.72
120664581855455.77 153475049954967.97
120338491802533.06 149201652097324.5
120017842825586.69 143148411443433.94
120327884290194.12 136302780924405.27
120632753968330.31 135346804084865.9
120937623646466.5 134633755682620.55
121237407140148.38 134052790722254.11
121537190633830.25 133533593913469.64
121836974127512.12 133009166711492.14
